10
1 9
15 4
19 2
26 1
50 0
64 6
81 0
87 2
95 8
104 4
112 0
115 4
116 0
117 6
118 4
140 3
141 8
143 3
144 5
154 3
159 2
171 4
178 0
195 5
206 0
210 9
215 0
217 7
225 2
264 9
285 7
289 2
334 6
336 6
353 0
367 1
397 0
402 8
418 2
419 4
421 4
426 5
482 5
483 0
494 8
501 1
505 4
510 3
517 9
525 8
527 7
533 8
536 7
545 5
556 2
563 1
595 7
596 4
602 4
606 1
607 6
618 5
620 2
642 9
644 3
675 1
682 2
690 3
700 0
720 2
724 8
737 2
744 7
758 0
782 6
792 0
793 3
797 8
801 2
816 8
824 0
832 4
840 2
841 8
856 1
913 5
915 8
919 7
924 9
928 9
943 0
953 6
954 1
956 8
964 6
969 4
986 0
987 8
990 3
1000 9
1016 1
1027 4
1029 6
1030 2
1044 4
1089 5
1108 8
1111 2
1114 9
1133 5
1174 4
1188 9
1193 0
1200 1
1205 9
1253 4
1270 6
1277 7
1278 0
1307 5
1308 6
1320 5
1321 2
1323 0
1330 8
1341 5
1357 0
1360 8
1365 7
1385 1
1388 9
1393 2
1395 2
1397 5
1401 1
1419 8
1437 4
1440 0
1445 2
1450 9
1472 2
1485 3
