10
4 8
52 3
54 6
55 5
67 2
68 6
78 2
95 6
96 9
109 4
114 7
121 7
138 4
145 5
147 3
163 2
164 9
189 5
197 9
201 5
212 5
216 6
233 1
237 5
247 8
249 2
270 6
271 3
303 4
308 4
312 5
313 0
319 6
346 9
355 3
366 4
368 3
374 9
376 9
396 8
401 3
429 5
444 5
455 6
458 9
468 3
470 5
480 8
481 4
483 1
484 3
488 5
496 3
500 2
525 2
531 4
567 7
577 0
587 7
599 0
627 6
635 5
650 3
657 4
664 9
675 5
687 6
690 5
705 9
718 7
734 0
735 8
759 4
762 1
765 2
808 7
814 3
817 6
823 1
843 6
847 4
866 7
887 6
893 8
895 9
914 4
921 3
931 8
938 6
941 4
954 9
956 8
966 5
980 4
986 6
991 5
993 6
1010 6
1024 6
1025 6
1041 0
1054 0
1065 1
1067 5
1070 3
1076 7
1087 6
1101 3
1121 4
1122 6
1142 2
1163 2
1178 2
1179 2
1181 4
1188 3
1205 2
1208 0
1210 6
1221 4
1224 9
1254 6
1287 6
1321 2
1335 4
1354 9
1355 0
1358 6
1393 8
1400 1
1403 0
1408 3
1421 8
1435 2
1445 6
1458 5
1492 3
1493 0
1506 7
1512 8
1531 3
1546 9
1562 5
1564 8
1574 6
1585 4
1590 4
1592 7
1600 4
1604 8
1613 2
1623 2
1631 4
1636 1
1644 3
1646 2
1663 2
1671 5
1694 5
1697 8
1714 8
1715 3
1732 0
1750 1
1754 6
1755 8
1759 5
1775 4
1778 9
1786 0
1797 5
1805 1
1806 6
1807 3
1809 5
1812 5
1817 3
1818 1
1822 2
1841 0
1849 5
1863 4
1877 6
1885 1
1886 4
1900 8
1903 5
1907 0
1914 7
1927 9
1928 7
1945 4
1980 0
1981 4
1982 9
1992 0
1993 5
2003 6
2010 0
2044 1
2051 8
2056 4
2098 3
2126 4
2141 9
2151 1
2154 2
2182 3
2184 6
2190 5
2208 7
2213 9
2214 4
2226 8
2228 2
2259 7
2265 5
2267 2
2268 2
2270 9
2274 2
2292 9
2294 1
2341 8
2352 2
2353 9
2367 6
2383 4
2392 8
2397 0
2398 4
2399 0
2423 9
2425 4
2426 4
2433 4
2439 4
2443 9
2444 6
2448 5
2464 4
2469 8
2473 3
2476 6
2488 8
2493 9
2498 8
2502 2
2508 9
2515 6
2517 2
2522 2
2535 3
2536 3
2537 1
2551 7
2558 7
2561 9
2582 9
2586 2
2594 3
2606 6
2610 8
2611 1
2612 2
2616 1
2618 7
2621 1
2630 6
2636 8
2639 6
2658 9
2667 6
2675 9
2686 3
2715 0
2717 2
2724 4
2746 0
2756 1
2765 7
2772 8
2778 6
2787 9
2799 2
2808 9
2815 4
2836 2
2851 8
2854 0
2879 4
2882 5
2889 0
2902 9
2907 3
2924 0
2929 5
2937 3
2942 5
2943 0
2957 1
2963 8
2964 1
2981 2
3017 9
3039 1
3076 8
3091 4
3094 2
3101 5
3126 1
3158 8
3168 9
3180 5
3187 4
3208 6
3213 5
3218 7
3239 2
3251 8
3302 7
3306 5
3315 0
3326 5
3332 6
3361 7
3366 0
3369 7
3377 8
3405 4
3417 7
3419 1
3421 5
3429 0
3442 4
3451 7
3456 8
3465 0
3470 2
3527 0
3562 5
3568 1
3575 1
3579 6
3580 1
3581 2
3590 6
3595 0
3611 7
3649 1
3654 9
3664 1
3672 4
3673 5
3676 1
3686 6
3691 1
3694 3
3699 7
3713 1
3716 5
3717 6
3748 4
3752 8
3756 5
3762 2
3838 3
3840 0
3847 5
3873 5
3886 0
3907 4
3910 4
3914 1
3934 2
3942 3
3954 9
3964 1
3979 8
3995 3
3996 9
4007 6
4013 2
4026 0
4030 5
4075 1
4078 8
4081 4
4093 8
4099 4
4102 7
4104 4
4107 2
4113 2
4116 2
4118 5
4127 4
4128 2
4134 7
4139 2
4141 2
4154 8
4160 2
4161 8
4182 5
4197 3
4226 9
4229 9
4237 4
4268 1
4279 9
4280 0
4287 1
4292 0
4295 2
4302 3
4334 5
4360 6
4374 3
4375 2
4376 1
4387 2
4400 6
4405 0
4410 3
4414 5
4420 9
4427 2
4431 7
4451 8
4456 8
4470 0
4475 6
4476 4
4478 1
4483 6
4496 7
4513 0
4537 3
4544 6
4545 4
4557 5
4585 1
4586 6
4589 4
4594 4
4601 4
4689 7
