10
4 2
5 4
24 8
28 6
34 8
39 3
41 1
44 9
54 2
62 4
75 8
81 5
84 3
97 4
110 6
132 2
146 9
158 5
165 4
179 8
181 7
186 2
192 9
199 0
211 1
215 9
225 1
228 7
234 3
239 1
264 9
265 0
267 1
273 0
284 4
302 2
309 7
318 6
321 9
323 3
336 7
338 2
340 8
350 5
364 8
366 6
369 5
395 0
405 3
426 9
446 7
450 3
459 7
461 6
471 3
474 2
498 7
503 0
506 2
525 6
530 1
537 8
545 2
566 4
577 4
594 7
601 4
602 6
605 9
628 9
646 7
664 5
670 5
673 5
680 0
686 1
687 3
691 2
696 0
701 5
718 3
725 4
734 5
763 8
772 1
773 1
775 0
779 2
786 7
803 5
821 2
832 9
846 7
858 6
859 1
860 2
862 8
872 4
901 5
910 3
915 1
918 2
942 3
951 2
968 6
971 2
977 9
985 8
995 3
1013 7
1014 0
1021 6
1032 0
1038 7
1048 9
1049 9
1064 5
1076 5
1089 5
1094 6
1117 0
1148 1
1155 8
1166 2
1203 8
1207 6
1233 7
1254 0
1255 5
1262 6
1305 3
1336 8
1339 4
1344 7
1350 5
1355 1
1361 9
1373 2
1383 2
1413 8
1416 3
1422 3
1435 7
1443 8
1447 9
1483 9
1487 1
1507 7
1510 0
1512 8
1518 0
1537 1
1573 5
1580 5
1590 9
1604 7
1629 8
1634 1
1640 9
1641 6
1642 2
1649 2
1661 1
1671 8
1675 1
1698 4
1699 8
1729 3
1730 8
1736 2
1737 3
1765 1
1766 5
1780 5
1793 0
1798 3
1799 9
1804 2
1809 9
1829 0
1837 7
1842 6
1847 6
1867 1
1882 3
1883 8
1900 2
1903 6
1906 1
1928 5
1935 0
1937 2
1944 2
1946 4
1984 7
1989 3
1994 5
2017 4
2021 7
2032 3
2038 5
2045 9
2054 4
2055 1
2067 3
2069 0
2071 0
2078 2
2091 0
2094 7
2100 3
2110 5
2116 2
2145 2
2148 8
2149 4
2153 5
2169 2
2171 4
2172 8
2174 5
2178 1
2179 0
2194 2
2200 3
2203 1
2204 5
2206 8
2224 1
2230 8
2233 3
2250 4
2260 4
2284 3
2296 7
2302 1
2326 0
2341 4
2350 9
2355 2
2374 3
2376 2
2396 4
2404 3
2420 6
2463 7
2466 3
2477 3
2505 5
2527 7
2532 3
2536 0
2539 8
2541 2
2543 9
2560 2
2561 9
2567 4
2582 7
2611 4
2616 8
2648 3
2659 0
2678 9
2679 8
2696 9
2701 1
2702 4
2716 8
2737 1
2751 2
2756 0
2758 5
2771 8
2782 6
2787 9
2790 9
2801 2
2802 0
2805 3
2809 4
2816 7
2848 0
2851 5
2864 5
2870 6
2874 9
2885 4
2896 6
2916 1
2927 5
2932 4
2934 9
2949 5
2953 5
2960 7
2963 6
2973 4
2979 9
2997 0
3015 3
3017 8
3022 0
3024 5
3027 9
3028 9
3040 0
3051 2
3084 7
3093 8
3108 1
3118 0
3134 6
3136 9
3141 2
3150 2
3163 3
3190 0
3205 2
3206 7
3219 8
3231 7
3240 3
3244 5
3256 4
3265 8
3268 5
3314 7
3331 2
3342 9
3351 5
3361 5
3392 9
3408 3
3416 2
3425 6
3454 3
3471 9
3480 6
3501 8
3505 3
3507 6
3509 0
3513 7
3533 2
3553 1
3554 2
3577 2
3602 9
3631 3
3634 7
3647 1
3656 3
3695 4
3697 0
3699 2
3705 5
3713 7
3726 9
3734 2
3741 9
3749 5
3755 1
3767 5
3769 7
3778 5
3799 2
3801 4
3813 7
3818 2
3826 8
3833 5
3839 3
3848 7
3852 3
3858 0
3864 7
3867 7
3878 7
3888 1
3911 3
3924 1
3933 8
3955 7
3976 7
3990 0
3999 6
4011 5
4019 6
4028 5
4033 0
4072 3
4083 0
4102 2
4111 4
4130 8
4142 3
4173 1
4205 0
4226 8
4264 3
4275 1
4289 8
4299 5
4308 0
4313 2
4315 3
4318 6
4351 9
4353 7
4355 0
4367 7
4376 3
4377 9
4380 0
4385 4
4392 8
4397 5
4400 8
4409 3
4414 6
4427 7
4428 6
4429 3
4432 2
4442 5
4461 9
4472 4
4473 1
4505 3
4518 8
4538 3
4541 1
4543 7
4545 9
4568 3
4575 0
4586 9
4610 3
4622 4
4631 5
4638 3
4678 5
4686 9
4691 0
4694 9
4706 6
4711 5
4717 3
4734 4
4736 3
4741 4
4751 3
4765 4
4782 8
4796 4
