10
0 0
7 9
19 7
28 7
36 9
38 3
44 1
46 6
47 1
67 3
88 6
93 8
94 5
139 0
153 2
158 0
191 2
192 9
198 0
203 1
204 9
208 3
209 9
216 5
239 4
256 0
258 4
285 5
294 6
302 8
303 0
312 5
313 6
318 2
346 6
360 7
386 1
403 6
408 2
409 9
416 2
430 7
445 5
450 5
462 3
481 6
488 3
536 1
537 0
543 2
551 4
562 9
567 3
569 6
577 4
580 8
583 9
592 7
601 5
617 9
618 8
652 4
660 1
675 6
684 1
687 2
691 0
707 9
716 8
718 1
726 9
728 7
750 0
751 6
770 1
778 0
788 6
804 1
805 6
806 9
811 1
816 4
831 0
848 3
851 2
852 5
875 1
898 3
919 5
925 7
926 1
930 5
959 0
964 4
985 8
988 7
992 8
996 5
1035 7
1044 9
1048 6
1059 4
1074 0
1089 7
1104 0
1105 2
1112 4
1121 9
1200 4
1206 6
1213 0
1223 7
1232 1
1233 3
1235 1
1273 6
1276 8
1280 5
1283 8
1292 1
1301 3
1315 2
1319 9
1321 2
1345 8
1348 8
1364 1
1388 6
1425 5
1427 8
1447 3
1448 6
1451 8
1452 9
1475 3
1482 2
1484 0
1494 0
1495 8
1501 3
1511 3
1515 3
1516 8
1520 7
1523 1
1534 2
1541 8
1548 8
1573 6
1578 2
1587 8
1588 6
1589 4
1608 9
1618 9
1620 0
1632 4
1633 3
1648 9
1665 3
1666 0
1669 4
1672 7
1679 5
1690 1
1699 6
1700 7
1701 0
1706 3
1726 9
1729 4
1732 4
1736 6
1738 0
1751 4
1764 3
1775 5
1777 2
1779 4
1788 8
1795 1
1811 7
1818 2
1840 9
1862 1
1874 1
1878 8
1883 6
1891 0
1897 3
1898 0
1905 6
1911 1
1918 6
1920 0
1922 3
1928 9
1958 1
1980 3
1989 7
2014 8
2019 0
2080 4
2100 8
2121 6
2128 8
2129 0
2133 8
2138 7
2140 7
2142 5
2156 1
2166 1
2181 1
2183 4
2188 8
2201 3
2209 5
2212 3
2216 0
2261 6
2273 5
2276 7
2280 8
2285 1
2287 1
2309 5
2330 5
2333 8
2339 0
2341 5
2353 8
2364 1
2374 3
2377 2
2382 6
2388 4
2391 4
2395 5
2410 6
2433 9
2437 8
2455 0
2463 0
2473 5
2474 9
2479 4
2508 3
2512 0
2524 1
2589 6
2598 1
2603 5
2605 6
2622 1
2626 6
2638 9
2653 0
2661 5
2677 3
2710 7
2715 8
2744 9
2755 0
2757 6
2792 2
2799 7
2807 1
2810 5
2834 4
2856 9
2861 3
2862 3
2884 8
2894 2
2895 7
2919 9
2933 1
2934 1
2936 1
2943 3
2947 6
2956 8
2964 4
2972 9
2983 5
2986 4
2989 5
2999 5
3031 9
3035 0
3036 6
3037 0
3043 0
3055 8
3056 2
3067 0
3079 9
3095 9
3097 7
3110 6
3127 9
3147 5
3148 2
3149 6
3178 1
3181 9
3182 3
3183 3
3188 9
3193 6
3213 6
3239 6
3243 3
3267 7
3273 1
3280 6
3282 7
3289 4
3296 9
3309 6
3327 5
3331 0
3335 1
3347 2
3351 2
3364 7
3391 3
3392 3
3406 3
3422 4
3425 4
3441 2
3444 8
3462 3
3492 7
3513 8
3520 7
3532 0
3543 1
3544 5
3557 4
3563 1
3575 4
3582 7
3599 8
3612 0
3616 1
3618 0
3623 3
3636 0
3637 2
3644 8
3660 6
3662 6
3691 6
3692 7
3693 7
3711 4
3718 7
3744 8
3755 7
3784 7
3795 6
3806 1
3814 5
3815 3
3825 3
3858 9
3860 2
3868 0
3870 1
3873 7
3874 4
3885 8
3907 8
3916 0
3921 0
3927 0
3935 0
3951 1
3964 7
3977 5
4000 2
4001 1
4005 8
4024 4
4032 7
4035 1
4036 8
4040 4
4049 8
4056 1
4057 3
4101 6
4108 3
4138 7
4152 1
4161 8
4180 6
4184 3
4187 9
4189 6
4209 4
4210 7
4215 2
4231 9
4249 4
4257 6
4278 5
4308 7
4312 7
4321 3
4322 8
4324 5
4327 3
4329 5
4330 0
4343 6
4345 8
4386 9
4396 3
4433 1
4434 4
4439 8
4441 2
4458 9
4467 9
4474 4
4494 6
4500 9
4507 7
4514 4
4517 0
4542 0
4560 4
4571 5
4573 2
4576 1
4592 4
4593 7
4601 4
4609 6
4641 4
4644 1
4649 4
4661 8
4676 7
4685 5
4704 6
4711 3
4745 8
4750 6
4764 1
4787 2
4792 2
4822 9
4832 8
4851 5
4852 5
4856 9
4863 1
4868 3
4878 0
4880 0
4912 7
4935 8
4936 3
4959 6
4971 6
4984 8
4987 0
5033 6
5038 5
5044 2
5067 0
5071 1
5074 0
5082 6
5087 4
5103 5
5123 1
5125 7
5131 3
5138 6
5143 3
5150 0
5182 8
5186 7
5199 9
5218 6
5275 5
5289 2
5294 2
5303 1
5304 3
5313 3
5315 2
5316 9
5328 4
5333 3
5362 8
5363 1
5365 6
5436 6
5439 3
5475 5
5501 7
5524 3
5525 8
5530 0
5531 6
5552 9
5561 0
5563 8
5570 7
5596 2
5597 3
5599 4
5611 1
5617 0
5636 4
5643 5
5648 6
5655 3
5681 2
5706 4
5707 1
5709 5
5727 3
5746 7
5760 3
5764 3
5774 4
5787 0
5806 1
5811 2
5820 3
5824 8
5833 4
5849 8
5851 1
5861 0
5864 5
5882 9
5889 7
5894 7
5899 7
5903 1
5905 8
5914 8
5917 5
5922 9
5926 8
5934 4
5939 8
5950 8
6010 7
6013 7
6015 5
6023 2
6050 2
6079 2
6087 1
6097 5
6110 9
6115 6
6122 0
6124 7
6133 0
6134 5
6141 5
6168 8
6178 6
6188 4
6219 9
6222 5
6234 7
6240 6
6241 1
6264 3
6269 7
6277 0
6282 6
6288 8
6293 1
6294 5
6297 7
6299 8
6329 7
6331 1
6333 4
6351 3
6387 7
6415 8
6416 3
6442 7
6444 9
6447 4
6453 2
6462 0
6470 1
6472 3
6478 8
6479 2
6501 9
6507 3
6509 2
6512 9
6520 4
6527 8
6542 1
6616 6
6621 2
6626 0
6632 8
6650 7
6656 0
6660 9
6663 8
6722 5
6733 7
6740 0
6741 3
6744 9
6752 2
6757 7
6763 8
6768 3
6788 9
6810 8
6832 4
6838 0
6840 5
6849 0
6853 9
6863 8
6887 7
6900 5
6911 2
6914 4
6922 6
6924 5
6925 6
6926 3
6932 8
6953 8
6969 3
6970 7
6972 8
6976 2
6994 1
6999 7
7003 2
7010 8
7037 0
7039 8
7045 4
7053 6
7060 9
7062 8
7072 4
7079 8
7080 3
7084 6
7107 7
7117 3
7125 8
7142 2
7150 5
7156 3
7158 9
7161 0
7169 1
7171 4
7185 3
7218 9
7226 2
7228 6
7231 4
7246 1
7258 2
7270 7
7271 4
7274 8
7290 2
7302 4
7312 3
7313 2
7316 2
7332 1
7333 2
7345 9
7351 2
7360 2
7368 4
7375 1
7376 2
7382 7
7386 8
7398 9
7402 6
7418 8
7426 5
7429 3
7440 8
7449 7
7450 9
7454 2
7456 2
7459 7
7465 6
7468 2
7480 4
7494 6
7507 1
7513 9
7518 2
7528 2
7530 9
7544 1
7550 0
7579 7
7598 6
7602 9
7668 6
7669 7
7680 9
7688 6
7689 5
7692 1
7698 8
7736 4
7753 0
7754 2
7770 3
7780 1
7794 3
7802 8
7814 4
7819 7
7828 2
7835 8
7838 0
7846 3
7850 4
7851 7
7868 1
7874 2
7878 5
7898 8
7916 8
7948 1
7965 7
7966 6
7982 6
7983 9
7985 6
7994 6
8000 0
8001 0
8005 0
8010 4
8017 7
8021 5
8022 7
8026 2
8040 4
8043 4
8046 2
8087 6
8091 1
8094 3
8101 6
8105 2
8108 3
8109 3
8119 9
8123 7
8144 4
8177 5
8196 3
8202 1
8204 0
8208 5
8242 2
8244 0
8258 3
8267 8
8272 3
8280 3
8281 9
8295 2
8300 5
8324 5
8328 3
8336 0
8347 2
8349 0
8350 5
8358 9
8380 9
8390 4
8395 3
8398 4
8402 6
8408 3
8416 0
8422 2
8452 3
8463 6
8464 7
8466 9
8469 7
8475 1
8492 8
8494 3
8501 1
8548 6
8556 0
8560 6
8574 8
8599 1
8621 3
8623 8
8624 1
8627 4
8640 4
8664 4
8666 6
8668 8
8674 0
8685 0
8700 6
8728 2
8756 8
8763 6
8785 7
8794 5
8801 4
8811 8
8816 2
8823 5
8834 7
8841 0
8846 4
8859 4
8862 2
8868 0
8870 5
8888 0
