10
17 8
24 4
39 5
60 9
69 6
75 2
80 2
81 8
87 7
96 1
119 8
123 4
135 3
143 5
150 5
162 7
167 4
170 6
175 9
176 9
184 0
205 3
222 5
232 3
240 6
249 5
260 7
271 6
274 8
279 2
281 1
283 1
288 2
307 1
316 8
321 9
332 5
335 0
355 4
376 4
382 1
383 4
412 9
491 3
510 3
516 7
517 1
520 7
521 4
538 8
542 0
553 3
565 1
570 1
572 2
586 2
603 7
607 8
608 5
616 3
658 2
664 5
672 4
697 0
708 8
709 0
715 4
721 9
723 8
727 3
733 8
751 0
753 0
765 9
775 4
786 5
793 9
801 2
803 0
850 1
853 0
880 5
885 0
887 1
894 6
912 8
929 2
942 7
947 6
948 5
957 7
959 4
961 4
969 3
984 5
999 2
1000 8
1006 2
1018 1
1023 9
1031 8
1040 6
1047 1
1054 1
1087 3
1097 8
1121 0
1126 6
1127 0
1165 9
1195 6
1202 4
1208 8
1210 7
1217 0
1239 4
1240 4
1249 2
1296 9
1300 1
1302 3
1313 2
1318 7
1323 0
1360 1
1362 8
1365 7
1368 5
1374 8
1405 3
1421 6
1438 0
1439 6
1468 2
1471 8
1482 5
1502 1
1511 8
1518 7
1519 0
1535 8
1553 6
1564 1
1573 8
1576 3
1577 8
1578 3
1594 1
1603 9
1612 2
1615 9
1625 8
1626 3
1627 3
1631 0
1646 6
1659 5
1660 2
1665 7
1681 9
1690 9
1695 7
1713 6
1730 0
1733 8
1736 0
1744 2
1759 8
1762 5
1779 7
1782 5
1799 8
1805 3
1811 4
1812 5
1814 8
1820 2
1821 5
1823 3
1852 5
1865 0
1868 5
1879 4
1901 7
1905 7
1920 3
1941 7
1947 4
1964 9
1987 4
2026 6
2042 9
2045 6
2048 1
2049 3
2051 1
2061 1
2064 4
2073 1
2083 7
2089 5
2091 4
2106 5
2138 7
2144 7
2163 5
2165 7
2168 8
2175 0
2215 7
2222 2
2231 3
2256 7
2259 2
2267 2
2269 0
2272 5
2274 6
2281 7
2304 2
2316 3
2319 5
2338 8
2339 2
2358 2
2359 4
2384 8
2393 1
2395 8
2398 4
2406 6
2435 2
2439 5
2444 4
2446 0
2468 9
2475 3
2478 5
2482 1
2483 2
2489 2
2502 7
2507 0
2512 9
2517 2
2523 3
2526 5
2554 0
2567 1
2573 0
2574 7
2581 8
2600 7
2614 1
2617 6
2619 4
2623 0
2627 1
2629 7
2631 8
2632 7
2678 1
2680 2
2702 0
2723 8
2725 9
2728 7
2729 2
2730 7
2740 2
2741 4
2761 2
2764 1
2768 0
2772 1
2795 1
2809 5
2823 8
2825 6
2829 2
2833 5
2841 5
2845 0
2846 1
2849 0
2863 4
2865 3
2872 2
2890 6
2895 6
2913 3
2926 9
2927 3
2929 8
2936 9
2940 4
2942 9
2946 7
2947 7
2952 8
2953 7
2955 3
2956 2
2958 0
2971 0
2972 0
3030 8
3037 6
3075 6
3084 6
3104 8
3106 5
3116 8
3119 6
3121 1
3138 6
3146 1
3147 1
3148 5
3170 7
3173 4
3174 4
3175 4
3187 8
3194 2
3195 0
3196 5
3199 6
3205 3
3210 0
3215 7
3231 6
3233 6
3236 2
3239 5
3274 9
3281 8
3333 8
3336 9
3367 1
3389 5
3392 0
3402 3
3412 3
3414 6
3441 2
3447 8
3467 1
3468 2
3474 0
3479 1
3490 0
3497 6
3499 3
3501 2
3507 7
3508 8
3511 1
3514 6
3534 6
3540 1
3541 4
3542 6
3560 1
3578 8
3594 4
3621 2
3623 7
3628 4
3630 0
3656 6
3666 8
3670 8
3697 7
3701 4
3705 6
3714 9
3721 6
3731 0
3734 5
3756 2
3770 1
3773 6
3779 8
3781 0
3790 1
3801 3
3804 0
3810 4
3812 6
3816 9
3830 8
3851 4
3862 1
3863 1
3870 1
3875 0
3877 9
3893 2
3899 1
3908 5
3912 5
3928 5
3930 6
3931 4
3936 4
3943 1
3955 8
3957 6
3977 6
3983 3
3992 0
4005 4
4008 5
4021 3
4027 3
4045 1
4052 5
4063 0
4065 6
4078 8
4081 7
4086 9
4094 8
4095 0
4102 7
4105 8
4127 6
4129 0
4130 2
4157 3
4159 7
4162 3
4164 1
4165 5
4167 2
4177 0
4187 4
4189 3
4197 3
4206 5
4210 3
4218 7
4229 3
4237 1
4290 3
4297 7
4300 8
4301 0
4306 3
4314 0
4330 7
4335 4
4350 2
4360 3
4365 5
4375 9
4383 5
4388 8
4395 5
4398 2
4428 9
4433 7
4441 1
4442 1
4443 7
4449 4
4458 3
4483 9
4502 6
4527 1
4529 9
4554 4
4565 4
4591 0
4595 4
4630 4
4639 3
4651 1
4661 5
4667 8
4671 4
4675 9
4681 6
4689 5
4697 1
4699 8
4702 5
4730 0
4745 8
4748 1
4752 7
4753 2
4756 8
4760 8
4780 2
4784 7
4785 2
4802 6
4819 4
4822 1
4827 6
4830 3
4832 8
4833 8
4919 8
4926 5
4940 3
4949 7
4954 6
4969 4
4975 7
5002 7
5003 5
5011 4
5060 5
5061 8
5064 9
5087 0
5089 6
5104 5
5108 8
5126 7
5135 6
5137 2
5157 1
5163 7
5168 9
5170 4
5173 0
5175 1
5220 9
5224 9
5226 0
5247 1
5259 2
5273 7
5289 1
5291 6
5330 4
5332 0
5333 6
5371 9
5372 7
5379 4
5380 7
5391 7
5401 6
5424 3
5432 0
5452 2
5457 5
5479 5
5494 1
5500 0
5523 8
5547 3
5552 1
5562 8
5576 3
5584 6
5586 8
5599 0
5605 7
5616 7
5656 8
5659 1
5665 5
5670 5
5700 4
5725 7
5731 5
5733 8
5746 0
5767 1
5770 5
5784 5
5799 3
5846 8
5870 9
5879 1
5880 4
5893 9
5917 0
5924 0
5927 3
5935 8
5939 7
5942 8
5952 8
5962 7
5963 7
5971 0
5975 4
5980 7
6007 9
6019 9
6027 1
6031 3
6060 9
6068 9
6103 7
6116 6
6118 5
6142 3
6143 3
6177 9
6178 0
6217 2
6261 9
6262 2
6278 1
6286 6
6288 4
6290 0
6291 1
6296 5
6316 5
6335 5
6337 2
6342 2
6348 6
6351 9
6382 5
6384 9
6386 2
6402 2
6409 7
6418 7
6420 4
6430 5
6435 5
6457 4
6476 6
6508 2
6513 0
6516 8
6517 9
6518 4
6532 0
6551 3
6552 6
6555 6
6585 9
6588 7
6612 6
6617 4
6665 9
6671 3
6677 5
6679 7
6693 6
6702 4
6704 8
6713 9
6722 6
6733 8
6738 0
6743 6
6768 7
6773 8
6783 0
6785 0
6789 4
6791 6
6805 5
6822 0
6823 0
6851 8
6870 9
6889 5
6893 1
6921 0
6963 3
6973 7
6975 3
6999 3
7004 0
7009 6
7011 8
7019 8
7029 5
7031 7
7032 8
7048 0
7052 0
7060 1
7072 5
7074 7
7077 2
7085 9
7091 3
7093 4
7101 4
7106 3
7119 5
7151 7
7154 7
7171 1
7173 0
7179 8
7195 8
7199 2
7216 4
7225 2
7227 7
7232 3
7234 7
7235 4
7240 0
7256 0
7269 8
7287 5
7308 2
7336 0
7343 8
7347 0
7349 9
7359 0
7371 6
7394 6
7398 6
7404 5
7409 5
7419 4
7439 2
7449 5
7459 5
7464 5
7467 4
7474 5
7485 2
7510 1
7511 6
7515 4
7530 9
7531 0
7533 2
7540 1
7545 3
7566 8
7586 1
7594 6
7597 3
7638 6
7652 9
7659 4
7665 3
7667 6
7695 7
7697 1
7700 9
7709 2
7710 5
7720 8
7724 7
7735 0
7744 4
7750 7
7754 6
7783 1
7787 7
7788 7
7796 1
7822 7
7838 6
7865 2
7885 8
7886 3
7888 3
7933 4
7936 7
7942 2
7959 9
7966 4
7972 2
7994 2
8015 7
8019 7
8021 1
8023 3
8034 1
8046 1
8051 8
8054 7
8060 1
8067 1
8076 4
8083 7
8094 0
8098 4
8099 6
8115 8
8126 3
8128 3
8147 9
8151 8
8194 8
8201 7
8214 0
8231 3
8239 0
8247 6
8275 5
8302 5
8306 3
8308 7
8342 2
8352 6
8354 5
8382 5
8390 9
8402 5
8409 0
8449 5
8474 7
8491 9
8493 5
