10
0 7
15 4
19 0
24 8
28 6
31 7
32 7
37 3
41 0
48 8
72 7
75 6
109 3
130 0
132 8
137 4
148 4
166 4
169 1
181 9
197 9
200 1
201 5
202 3
205 8
217 5
219 7
221 1
225 2
247 1
255 1
277 5
302 8
303 2
350 2
368 8
371 3
372 7
378 5
392 6
393 7
399 6
407 9
487 9
491 1
503 5
518 7
528 5
557 9
562 5
567 0
569 8
586 5
592 8
606 1
610 8
633 7
635 3
640 3
648 7
655 1
656 5
669 0
672 1
674 7
677 6
697 3
705 4
721 0
743 5
746 4
754 8
787 6
789 5
792 9
796 9
812 2
825 4
831 4
832 3
859 0
898 5
906 5
909 5
940 2
954 3
969 2
971 2
975 8
976 9
977 1
986 9
987 9
995 3
996 8
1005 3
1026 8
1027 8
1072 3
1073 4
1089 6
1098 1
1099 4
1109 9
1110 0
1115 6
1125 8
1146 6
1150 2
1165 1
1184 1
1193 7
1208 1
1217 7
1226 0
1233 4
1271 2
1282 9
1285 0
1304 2
1311 8
1317 2
1320 5
1327 5
1329 2
1335 4
1348 3
1358 0
1359 5
1370 3
1378 0
1386 2
1391 0
1410 9
1440 9
1456 2
1459 4
1477 8
1506 2
1510 0
1511 5
1526 2
1532 5
1533 2
1549 0
1556 9
1562 5
1587 6
1621 9
1624 0
1626 4
1630 3
1635 2
1637 3
1671 8
1689 1
1692 1
1693 4
1698 4
1700 9
1706 0
1708 3
1709 1
1718 0
1728 4
1731 0
1755 7
1770 3
1772 9
1779 2
1783 0
1787 0
1791 0
1799 4
1801 9
1804 4
1856 3
1874 2
1875 6
1889 6
1897 3
1914 7
1934 4
1957 3
1958 0
1971 2
1978 7
1987 2
1992 8
2003 7
2005 9
2012 1
2034 5
2040 3
2044 7
2055 4
2061 8
2074 6
2078 6
2081 5
2091 7
2111 6
2113 4
2130 5
2132 6
2138 2
2148 2
2167 5
2181 2
2182 0
2199 1
2214 5
2234 8
2265 4
2268 9
2276 5
2283 8
2289 7
2304 2
2307 9
2310 6
2321 1
2327 4
2337 6
2340 8
2342 9
2353 4
2355 1
2357 2
2372 4
2374 0
2389 8
2410 9
2413 6
2424 2
2447 1
2454 8
2455 9
2458 9
2483 5
2485 2
2489 6
2491 6
2499 7
2511 1
2512 8
2519 9
2536 2
2554 9
2555 9
2570 2
2578 5
2589 0
2620 1
2646 5
2665 3
2675 1
2685 2
2694 8
2700 0
2701 1
2705 1
2775 7
2779 6
2781 2
2787 0
2789 0
2851 5
2869 4
2870 0
2874 2
2881 9
2882 4
2884 3
2892 0
2909 9
2941 1
2949 5
2969 0
2985 6
2990 7
3019 1
3028 3
3031 9
3037 9
3048 7
3049 1
3065 0
3086 1
3101 4
3146 8
3165 3
3179 8
3209 6
3219 7
3225 9
3234 7
3265 6
3269 3
3272 7
3273 0
3277 9
3278 3
3280 9
3284 1
3294 1
3304 9
3319 0
3332 5
3337 1
3340 5
3358 5
3362 0
3370 5
3375 6
3380 8
3390 5
3405 0
3408 1
3414 0
3421 0
3424 0
3426 4
3432 9
3438 7
3443 1
3446 6
3459 3
3470 5
3471 6
3486 0
3500 9
3535 7
3536 4
3539 7
3563 8
3568 1
3571 3
3576 8
3581 5
3594 9
3605 7
3620 5
3628 9
3638 9
3643 5
3660 3
3739 9
3759 0
3763 7
3765 5
3769 4
3777 5
3788 9
3790 7
3795 7
3796 8
3810 3
3817 0
3827 5
3837 5
3841 3
3871 3
3877 1
3888 1
3898 8
3929 4
3931 2
3935 6
3937 1
3942 6
3955 1
3961 8
3965 9
3968 3
3974 0
3986 8
4013 4
4036 3
4053 9
4071 0
4085 2
4086 3
4100 8
4107 4
4110 2
4112 5
4114 0
4116 8
4147 6
4152 2
4186 7
4197 3
4205 6
4207 7
4208 8
4216 7
4217 4
4253 1
4265 1
4288 6
4312 2
4326 1
4328 9
4330 6
4344 5
4373 7
4376 0
4394 3
4395 7
4401 3
4412 4
4431 2
4439 4
4444 3
4456 7
4459 5
4480 3
4487 4
4490 4
4492 9
4515 5
4523 3
4529 6
4533 6
4536 6
4555 3
4557 0
4565 4
4575 9
4579 1
4591 7
4596 1
4599 2
4600 1
4602 0
4617 8
4628 5
4643 9
4644 6
4655 3
4666 2
4672 6
4674 2
4696 7
4721 8
4750 0
4757 5
4758 8
4768 9
4777 5
4786 3
4794 2
4800 1
4805 5
4817 6
4828 1
4834 9
4839 2
4845 4
4846 5
4881 2
4884 5
4890 0
4894 2
4920 7
4923 0
4941 2
4942 0
4955 6
4960 8
4973 3
4992 8
4993 0
5015 4
5017 7
5030 4
5048 8
5051 8
5068 4
5073 9
5074 4
5078 0
5085 5
5097 9
5107 4
5122 2
5132 2
5147 8
5156 7
5162 1
5166 4
5181 7
