10
19 8
30 0
35 1
79 8
91 4
111 1
116 2
124 8
130 3
148 5
154 0
161 8
172 5
201 9
218 6
273 8
282 6
297 8
319 3
334 0
349 6
357 8
367 4
386 2
392 0
393 5
400 6
406 0
436 0
444 8
460 6
477 6
482 2
484 6
496 6
498 8
500 5
504 5
511 4
519 1
533 9
546 0
556 3
560 7
569 7
598 0
636 5
671 2
672 5
683 8
696 3
705 7
708 8
718 9
735 1
738 2
739 9
746 7
753 7
778 3
783 2
787 3
827 6
831 4
841 9
843 7
854 8
856 8
857 7
859 4
867 8
872 9
873 6
883 1
892 7
893 0
907 5
910 3
913 2
914 6
925 2
963 1
964 1
972 6
976 8
982 1
996 3
1023 8
1044 1
1055 4
1082 4
1096 9
1105 8
1110 4
1118 5
1121 0
1122 3
1133 9
1145 0
1148 5
1150 0
1185 9
1187 9
1206 1
1220 5
1230 9
1245 0
1256 3
1261 0
1275 0
1277 5
1279 6
1292 6
1298 0
1305 3
1319 7
1324 3
1339 2
1346 6
1364 7
1376 9
1382 2
1394 5
1398 6
1400 1
1402 9
1409 1
1416 2
1426 1
1429 5
1448 5
1451 0
1454 5
1473 6
1474 8
1482 6
1488 3
1490 2
1501 5
1507 3
1514 9
1515 3
1524 3
1526 0
1528 6
1532 9
1575 0
1577 2
1585 5
1592 2
1611 1
1648 3
1660 9
1662 1
1670 1
1677 2
1695 3
1699 6
