10
5 9
32 6
38 3
43 5
51 1
92 2
109 9
114 9
125 1
128 7
132 5
142 1
157 6
159 2
161 8
162 4
164 1
175 4
179 4
186 0
204 5
229 6
280 3
281 5
297 1
301 2
322 3
329 5
338 1
340 1
353 5
354 8
384 1
392 8
396 8
409 5
437 6
446 6
472 6
487 0
491 7
496 0
512 2
526 3
552 9
566 0
568 2
574 6
583 9
615 2
620 4
647 4
659 0
678 9
722 8
742 1
770 9
773 9
785 5
788 0
792 6
803 2
815 1
834 5
840 0
843 2
844 5
848 0
852 6
862 1
867 0
868 8
870 2
871 1
881 3
889 9
899 2
912 2
918 7
922 2
946 1
947 6
948 1
952 2
967 8
969 4
998 0
1005 1
1024 1
1026 0
1036 4
1042 8
1064 9
1080 0
1099 4
1116 9
1117 8
1119 7
1121 1
1125 7
1132 2
1143 4
1162 6
1166 4
1177 6
1178 1
1185 6
1192 8
1220 0
1222 1
1229 8
1251 7
1283 5
1284 9
1294 8
1295 3
1299 4
1300 1
1310 2
1323 8
1325 2
1326 3
1353 7
1368 6
1374 5
1379 7
1382 1
1384 3
1385 0
1398 8
1402 6
1425 2
1429 7
1443 6
1452 6
1467 2
1471 1
1476 2
1495 7
1518 3
1530 7
1555 8
1557 5
1577 8
1594 7
1596 2
1626 6
1630 2
1631 1
1651 7
1659 1
1660 3
1673 4
1676 9
1692 7
1695 9
1700 7
1708 9
1709 7
1719 5
1721 5
1728 7
1743 6
1748 3
1761 7
1764 7
1772 0
1773 8
1787 7
1795 4
1809 6
1814 5
1816 4
1823 8
1825 0
1856 3
1877 7
1883 8
1888 0
1940 7
1947 7
1958 8
1969 0
1982 3
1997 4
2008 7
2011 8
2044 3
2050 5
2062 5
2085 3
2090 5
2096 5
2098 0
2117 6
2135 9
2137 3
2139 8
2144 3
2168 6
2198 0
2201 1
2204 5
2208 1
2218 5
2226 6
2233 0
2249 1
2251 7
2254 2
2261 7
2274 2
2287 5
2301 3
2315 8
2324 4
2341 7
2361 0
2372 1
2379 7
2384 9
2385 9
2397 2
2411 9
2428 5
2430 2
2439 6
2443 4
2445 4
2463 9
2466 3
2468 2
2473 2
2479 9
2491 0
2496 0
2499 8
2500 8
2506 4
2507 7
2509 0
2512 4
2515 4
2519 0
2529 1
2594 0
2612 3
2615 1
2637 4
2641 8
2645 2
2651 3
2658 3
2660 0
2680 4
2686 7
2687 3
2736 6
2754 4
2759 1
2761 6
2763 7
2777 5
2797 7
2799 9
2803 3
2814 4
2815 1
2824 5
2833 6
2841 5
2844 2
2846 6
2847 8
2864 4
2866 3
2873 1
2875 0
2878 4
2880 3
2892 9
2894 8
2900 4
2903 4
2919 1
2925 8
2967 8
2968 1
2975 2
2983 5
2998 0
2999 5
3002 3
3012 2
3013 7
3037 3
3038 3
3043 9
3044 7
3055 7
3066 9
3077 9
3103 1
3109 2
3124 6
3133 4
3137 4
3154 5
3172 1
3193 9
3212 7
3214 8
3219 7
3233 0
3234 9
3243 7
3265 2
3266 4
3268 1
3274 7
3298 6
3305 4
3325 3
3330 1
3350 0
3356 4
3358 2
3361 6
3365 8
3380 0
3387 0
3388 1
3409 6
3414 6
3443 1
3446 3
3447 8
3460 1
3471 4
3487 4
3489 9
3497 4
3504 9
3528 9
3561 7
3562 6
3575 8
3584 7
3594 8
3609 5
3611 0
3612 6
3658 8
3661 0
3662 3
3677 0
3678 3
3681 5
3688 6
3692 4
3707 4
3714 4
3721 3
3725 7
3744 2
3747 5
3751 3
3754 7
3763 0
3782 6
3796 4
3800 1
3807 7
3857 1
3859 2
3870 8
3872 3
3878 7
3891 1
3920 4
3942 9
3945 4
