10
16 2
41 2
45 7
54 0
64 2
89 7
101 0
126 8
143 5
144 5
166 3
168 6
173 0
174 5
175 3
199 8
209 5
210 3
211 1
232 0
242 6
243 2
244 8
249 8
255 6
277 1
279 5
310 0
325 5
342 9
356 4
360 4
364 7
365 6
386 7
393 3
408 0
409 9
411 8
422 4
432 8
433 1
436 2
449 7
471 5
473 9
476 2
516 4
519 6
531 5
533 8
535 3
569 6
574 5
578 2
579 9
601 5
603 3
614 7
634 1
637 2
660 9
670 9
682 9
683 7
694 4
698 7
703 7
706 0
718 4
721 3
725 8
741 5
755 7
759 5
770 2
788 2
809 4
819 3
832 7
843 8
851 9
878 1
882 4
946 8
976 3
980 1
989 2
1001 0
1007 6
1018 2
1022 6
1029 2
1036 6
1037 8
1043 4
1072 0
1081 7
1108 9
1117 9
1146 5
1160 8
1181 4
1188 9
1189 2
1201 8
1234 2
1256 6
1262 4
1306 4
1331 9
1343 1
1351 8
1356 5
1361 8
1372 9
1374 0
1378 2
1415 2
1434 3
1439 5
1441 9
1447 5
1448 3
1458 3
1464 8
1467 9
1476 7
1484 7
1493 3
1497 8
1520 2
1521 0
1524 3
1560 0
1562 7
1574 8
1578 3
1580 3
1585 6
1613 6
1619 0
1625 2
1629 7
1630 1
1631 1
1650 9
1657 5
1667 9
1670 7
1680 3
1681 1
1696 5
1718 2
1727 9
1728 3
1750 5
1753 8
1758 6
1764 9
1768 0
1774 2
1791 9
1794 4
1799 1
1801 2
1813 9
1833 3
1836 4
1838 5
1853 1
1857 0
1868 7
1886 4
1892 0
1929 2
1940 6
1941 8
1948 3
1976 6
1990 1
2015 8
2050 7
2067 5
2080 1
2102 5
2108 4
2140 3
2141 1
2143 7
2147 3
2159 6
2170 9
2182 8
2188 4
2199 9
2214 6
2229 4
2230 0
2234 0
2243 9
2245 1
2260 0
2264 4
2266 5
2272 1
2287 6
2299 2
2300 7
2322 4
2330 4
2348 0
2353 8
2411 2
2425 7
2438 6
2450 7
2451 4
2456 0
2481 4
2486 8
2490 0
2510 0
2513 0
2529 3
2531 0
2550 3
2557 5
2560 8
2571 6
2602 8
2627 7
2642 4
2656 2
2657 0
2665 3
2676 7
2680 9
2681 1
2688 5
2695 1
2700 7
2701 9
2706 3
2708 3
2709 9
2714 0
2723 2
2728 3
2741 8
2751 6
2775 5
2782 4
2796 1
2799 6
2816 1
2821 9
2832 4
2856 6
2862 6
2868 8
2896 2
2899 1
2903 6
2920 1
2925 1
2939 4
2940 9
2949 5
2955 1
2968 9
2980 6
2984 3
2992 1
3006 3
3027 7
3055 5
3068 1
3072 6
3105 4
3114 8
3124 7
3128 2
3134 1
3155 2
3159 4
3161 2
3167 8
3170 7
3188 0
3229 7
3239 0
3249 9
3251 3
3263 7
3276 7
3283 1
3296 0
3305 5
3315 4
3318 3
3329 7
3331 7
3338 4
3348 2
3350 7
3393 3
3408 8
3422 6
3426 5
3456 6
3466 8
3483 7
3486 2
3517 0
3537 7
3569 3
3590 5
3615 0
3618 6
3619 4
3655 2
3659 5
3660 2
3665 3
3688 7
3702 7
3719 5
3725 8
3754 8
3760 6
3775 3
3786 3
3794 4
3807 7
3820 8
3824 1
3843 1
3882 8
3885 7
3908 7
3912 5
3922 7
3928 9
3934 9
3939 0
3940 2
3948 2
3950 3
3951 3
3954 8
3980 6
3991 2
3996 8
4019 8
4023 6
4024 4
4026 3
4031 8
4043 4
4062 1
4075 9
4076 7
4088 5
4094 6
4096 0
4102 4
4114 6
4119 8
4121 7
4130 3
4164 5
4168 4
4178 8
4183 0
4184 6
4192 9
4199 5
4204 7
4208 2
4240 5
4243 5
4245 2
4257 7
4264 5
4267 2
4271 3
4276 0
4283 2
4286 9
4309 2
4320 8
4331 4
4334 9
4343 9
4381 7
4385 5
4389 7
4395 7
4400 4
4403 7
4404 2
4406 4
4407 0
4409 8
4423 6
4425 6
4427 8
4430 5
4434 5
4437 9
4463 2
4485 6
4500 1
4501 9
4531 4
4533 0
4534 1
4538 4
4554 5
4557 8
4561 6
4569 6
4580 7
4581 8
4582 8
4603 5
4624 3
4632 7
4644 3
4652 9
4661 6
4668 2
4683 4
4702 3
4725 6
4726 2
4733 9
4746 8
4749 8
4792 7
4808 3
4815 0
4820 1
4833 5
4847 1
4848 0
4854 3
4855 5
4857 7
4869 9
4877 9
4887 7
4889 2
4908 3
4909 5
4941 6
4942 1
4947 9
4960 2
4971 2
4984 9
5008 8
5010 9
5043 6
5045 1
5046 2
5051 1
5055 5
5059 7
5060 5
5063 7
5066 5
5075 2
5107 2
5114 0
5118 0
5144 0
5148 2
5152 3
5162 2
5180 2
5181 6
5182 0
5195 8
5203 5
5205 1
5216 1
5218 3
5222 9
5223 7
5225 5
5230 1
5233 9
5236 7
5241 3
5246 5
5248 3
5271 1
5276 6
5283 5
5330 9
5363 8
5364 1
5373 9
5399 1
5443 8
5453 1
5477 5
5484 2
5507 9
5512 5
5514 5
5517 1
5519 6
5522 4
5523 7
5534 9
5545 2
5546 5
5561 7
5565 6
5567 6
5582 5
5591 2
5597 9
5598 4
5602 6
5611 0
5616 7
5621 1
5640 2
5646 7
5659 9
5693 3
5704 5
5723 1
5725 2
5729 1
5745 1
5748 1
5767 1
5780 4
5792 2
5795 0
5803 6
5821 7
5829 3
5832 9
5833 4
5839 7
5840 9
5856 4
5865 5
5896 2
5901 4
5903 0
5909 7
5920 6
5934 4
5976 9
6012 1
6028 7
6029 5
6032 8
6038 5
6048 9
6054 3
6061 3
6062 3
6084 6
6089 5
6113 0
6115 6
6119 6
6137 2
6139 5
6147 2
6154 4
6166 7
6177 8
6180 5
6215 0
6220 4
6226 9
6237 2
6241 8
6285 4
6287 3
6294 0
6304 7
6321 8
6322 8
6338 4
6340 7
6345 9
6356 1
6364 5
6369 5
6374 7
6395 8
6401 6
6406 4
6412 0
6414 2
6417 7
6431 0
6448 1
6459 7
6462 5
6464 1
6467 1
6481 4
6498 5
6507 1
6508 8
6512 1
6519 2
6536 9
6537 9
6546 8
6552 5
6562 3
6580 2
6582 2
6592 6
