10
0 3
6 3
22 2
44 1
45 8
50 2
82 8
83 9
87 3
100 8
140 2
142 7
150 9
155 0
162 1
166 9
170 7
193 0
198 8
201 7
235 0
236 4
251 8
261 1
277 4
305 7
311 5
312 0
314 7
318 8
330 3
336 1
358 8
376 8
381 2
387 2
391 8
407 6
414 9
426 3
447 0
469 1
477 5
493 7
502 6
506 7
512 9
552 4
553 8
555 8
577 3
580 5
585 1
590 4
593 5
597 9
604 3
616 3
618 9
620 3
627 9
630 6
634 6
642 8
655 1
658 4
687 4
690 6
693 8
697 2
698 2
713 5
728 5
739 3
776 3
790 2
795 6
808 5
818 1
835 3
836 8
837 3
839 4
849 6
859 4
868 8
870 1
910 0
911 6
924 5
939 8
945 7
969 5
974 1
975 4
983 6
986 3
989 8
997 3
999 8
1006 8
1007 7
1014 2
1017 9
1019 7
1043 2
1083 8
1106 8
1107 8
1115 7
1122 1
1124 8
1126 2
1165 6
1183 1
1187 5
1210 0
1217 6
1218 4
1238 5
1245 1
1246 4
1251 8
1255 9
1261 1
1264 8
1265 3
1266 2
1273 1
1280 0
1282 9
1285 4
1296 0
1316 6
1359 9
1360 3
1372 0
1374 0
1377 3
1385 7
1388 4
1392 8
1398 9
1400 0
1418 2
1420 0
1429 6
1434 5
1445 5
1446 3
1469 4
1471 8
1477 4
1480 8
1483 3
1491 5
1502 5
1525 5
1544 6
1566 9
1567 9
1575 3
1579 8
1614 1
1626 2
1645 7
1660 1
1670 4
1672 4
1676 3
1696 2
1697 1
1709 7
1742 1
1758 4
1765 5
1776 8
1786 1
1791 8
1802 4
1804 5
1808 2
1832 9
1859 5
1862 0
1880 9
1881 1
1900 2
1909 7
1921 9
1925 0
1938 4
1940 8
1943 9
1949 5
1951 0
1983 2
1989 0
2000 2
2001 9
2008 5
2009 7
2020 0
2055 7
2060 5
2064 5
2067 4
2091 4
2113 9
2117 3
2123 8
2132 4
2151 0
2163 9
2165 3
2169 2
2182 0
2191 0
2201 7
2203 3
2204 6
2227 2
2231 4
2240 9
2242 1
2245 8
2248 8
2253 2
2259 9
2263 5
2267 0
2281 6
2291 0
2298 3
2300 2
2318 9
2324 5
2328 4
2337 1
2338 6
2350 4
2370 8
2385 4
2387 6
2391 6
2407 1
2410 8
2434 5
2438 2
2446 8
2465 3
2481 7
2488 3
2504 8
2520 5
2524 0
2545 9
2564 3
2573 3
2577 9
2586 9
2604 8
2625 5
2638 8
2645 2
2649 5
2666 4
2682 9
2692 3
2698 0
2702 5
2739 0
2745 7
2748 7
2750 3
2758 1
2761 8
2764 6
2771 9
2774 4
2777 8
2781 6
2784 5
2791 5
2794 0
2823 2
2829 5
2835 7
2840 8
2868 4
2879 4
2946 9
2980 0
2984 3
2985 9
2986 6
2992 3
2993 3
3012 5
3028 4
3040 9
3054 9
3072 5
3073 0
3074 5
3090 9
3095 7
3098 4
3099 4
3112 2
3116 9
3130 9
3132 2
3137 1
3144 8
3177 6
3204 7
3226 9
3243 6
3249 8
3258 9
3276 4
3292 3
3295 4
3302 0
3304 7
3311 9
3335 5
3341 9
3356 5
3367 3
3376 3
3399 0
3409 6
3415 4
3416 0
3422 6
3434 6
3453 1
3463 8
3481 2
3488 1
3491 4
3532 9
3565 0
3572 0
3574 0
3591 0
3595 9
3601 9
3605 5
3621 0
3631 7
3632 2
3668 3
3675 3
3696 2
3705 5
3725 3
3729 6
3733 7
3744 6
3766 0
3785 6
3805 0
3811 5
3827 6
3852 1
3860 3
3861 5
3869 7
3883 8
3912 0
3913 3
3916 6
3923 8
3927 2
3942 6
3949 7
3950 4
3958 0
3961 8
3969 3
3974 6
3978 0
3994 8
4016 1
4027 6
4033 3
4038 1
4042 2
4048 3
4049 1
4052 0
4069 7
4094 3
4099 7
4117 4
4118 1
4124 8
4152 9
4155 5
4163 7
4186 0
4190 1
4193 5
4206 9
4207 0
4226 8
4232 6
4251 6
4288 3
4289 9
4299 9
4302 9
4316 5
4330 1
4332 6
4342 3
4366 6
4369 9
4384 9
4400 5
4409 5
4449 0
4457 4
4459 6
4471 4
4476 5
4478 9
4520 1
4526 0
4537 3
4560 7
4569 5
4575 3
4576 9
4577 0
4596 2
4597 5
4598 5
4614 7
4640 6
4642 8
4651 0
4654 4
4658 1
4660 0
4665 3
4684 5
4703 6
4725 4
4750 3
4755 7
4787 1
4803 9
4804 1
4806 4
4813 1
4833 4
4837 8
4841 3
4843 6
4849 8
4852 2
4855 9
4858 7
4860 5
4878 9
4881 2
4893 1
4911 1
4912 2
4919 6
4922 1
4932 6
4943 2
4967 7
4999 9
5008 5
5009 9
5025 7
5031 7
5051 9
5055 3
5056 3
5063 3
5073 8
5098 1
5102 3
5114 7
5144 5
5147 4
5150 8
5161 5
5167 6
5175 2
5177 9
5180 3
5183 4
5184 5
5197 8
5213 9
5219 7
5221 0
5232 7
5238 5
5248 6
5258 7
5264 8
5267 4
5277 9
5282 8
5295 3
5301 0
5307 2
5318 9
5350 7
5356 9
5361 9
5385 3
5394 7
5398 5
5440 5
5443 1
5444 6
5453 9
5460 3
5471 9
5495 7
5505 8
5522 6
5543 0
5554 3
5625 1
5627 0
5657 1
5669 2
5670 9
5698 7
5709 9
5711 2
5742 5
5763 6
5766 7
5783 6
5795 8
5806 3
5820 0
5824 8
5835 8
5844 0
5853 3
5864 7
5870 5
5882 4
5907 1
5918 6
5928 7
5953 8
5954 8
5966 8
5971 6
5972 4
5974 8
5997 5
6019 9
6022 0
6038 5
6047 8
6049 8
6050 5
6054 1
6072 9
6075 5
6107 4
6117 5
6118 6
6125 0
6137 5
6141 0
6157 6
6162 1
6183 8
6196 3
6207 6
6210 9
6220 0
6222 4
6228 9
6240 0
6244 0
6249 6
6261 0
6275 1
6277 8
6286 6
6293 0
6299 2
6315 6
6317 2
6342 5
6346 1
6348 7
6373 1
6376 0
6398 4
6409 5
6425 8
6432 0
6446 0
6451 0
6453 0
6462 0
6473 8
6475 0
6494 1
6510 3
6518 1
6527 1
6528 4
6552 6
6558 7
6559 7
6593 5
6607 7
6623 4
6631 5
6642 1
6645 8
6653 4
6655 7
6664 6
6665 7
6670 0
6680 4
6684 4
6703 6
6712 9
6728 5
6731 0
6738 7
6744 2
6757 3
6784 1
6789 6
6801 2
6809 6
6816 5
6825 4
6837 0
6852 9
6860 1
6868 6
6870 5
6916 3
6917 0
6929 7
6930 8
6944 8
6951 6
6955 0
6958 3
6959 9
6962 3
6969 1
6989 9
6993 5
6999 8
7027 7
7031 7
7045 6
7053 6
7054 0
7060 9
7098 5
7103 0
7111 2
7123 6
7124 9
7131 7
7150 2
7164 7
7195 3
7199 1
7200 9
7203 8
7204 3
7215 2
7222 5
7227 7
7228 1
7241 6
7247 3
7248 8
7249 8
7270 0
7278 6
7286 0
7293 1
7305 3
7308 1
7327 1
7349 6
7357 5
7360 4
7370 8
7399 8
7405 1
7413 7
7420 0
7427 8
7451 1
7454 4
7459 0
7478 0
7491 3
7497 5
7510 8
7524 3
7537 9
7541 4
7557 5
7576 3
7578 2
7591 8
7614 0
7622 8
7623 3
7624 3
7626 3
7644 1
7652 5
7653 3
7673 0
7683 9
7699 7
7705 3
7710 9
7729 7
7797 6
7800 3
7805 1
7843 7
7844 2
7848 4
7859 8
7875 5
7882 5
7885 2
7886 4
7887 1
7892 1
7900 2
7916 3
7942 4
7945 8
7950 4
7959 9
7960 8
7971 5
7995 3
8000 6
8010 0
8017 8
8031 3
8041 2
8053 8
8058 0
8114 1
8120 1
8132 0
8141 1
8144 9
8145 5
8147 9
8148 4
8170 2
8182 3
8204 1
8211 8
8217 4
8220 1
8233 5
8249 3
8253 8
8256 8
8259 9
8262 5
8263 3
8286 5
8292 5
8297 0
8309 6
8324 7
8328 4
8341 3
8347 1
8354 7
8378 6
8384 9
8385 3
8410 6
8417 8
8420 4
8421 8
8438 8
8444 3
8455 9
8460 2
8463 0
8464 5
8465 7
8477 4
8482 9
8507 4
8508 1
8512 5
8519 1
8533 2
8534 9
8536 1
8560 4
8561 4
8573 3
8578 2
8594 8
8595 2
8607 0
8615 7
8631 2
8632 9
8636 9
8643 6
8651 4
8670 2
8672 9
8694 3
8697 0
8698 8
8699 4
8702 0
8774 8
8816 3
8819 3
8865 9
8871 8
8886 4
8914 1
8915 5
8916 9
8919 7
8944 8
8950 4
8960 3
8968 6
8982 2
8999 7
9066 4
9076 0
9081 9
9082 7
9085 6
9089 3
9095 5
9096 5
9101 6
9103 9
9119 8
9122 0
9140 4
9167 3
9178 6
9197 6
9216 2
9219 9
9222 4
9261 5
9263 2
9265 8
9285 2
9294 0
9299 8
9301 6
9308 5
9344 4
9389 9
9399 7
9407 6
9415 8
9428 2
9439 7
9458 5
9468 0
9473 1
9491 5
9507 7
9509 8
9518 2
9523 2
9544 6
9559 6
9568 7
9621 4
9637 3
9644 7
9645 3
9646 3
9659 8
9660 8
9661 8
9666 0
9667 6
9694 7
9699 6
