10
2 7
8 7
24 2
48 6
53 5
57 1
70 5
75 4
100 7
110 6
120 4
122 2
123 4
140 1
153 0
155 9
169 0
178 0
202 7
204 6
222 2
223 0
235 2
244 1
250 4
255 3
267 7
276 0
278 2
283 8
313 4
327 5
335 8
344 5
345 3
351 5
356 0
365 1
370 1
382 1
387 2
408 2
430 0
436 1
438 8
455 8
456 9
458 8
467 3
469 5
471 0
474 4
477 6
528 1
530 4
532 9
546 3
550 1
557 2
581 9
584 9
591 5
593 6
594 4
670 5
673 5
678 8
684 8
689 4
720 9
722 9
728 6
733 7
739 8
763 2
781 7
783 4
799 1
804 0
806 3
808 0
832 3
835 1
875 9
911 6
915 8
931 0
942 7
971 2
973 9
991 3
997 6
1000 7
1020 7
1027 7
1034 2
1037 7
1054 5
1055 9
1067 4
1071 5
1081 1
1089 3
1111 3
1129 1
1130 3
1135 1
1152 2
1175 1
1184 0
1209 5
1243 3
1254 2
1266 0
1269 1
1277 5
1283 9
1290 1
1291 4
1298 3
1326 6
1336 8
1343 8
1371 7
1402 4
1406 1
1413 6
1425 4
1440 6
1442 5
1466 5
1473 8
1503 3
1505 4
1509 2
1513 6
1520 2
1527 6
1534 6
1543 5
1552 4
1558 7
1574 9
1583 6
1586 4
1595 2
1627 5
1641 0
1654 8
1659 9
1673 3
1675 4
1685 0
1693 9
1695 7
1722 4
1726 1
1728 2
1732 3
1751 7
1753 6
1758 5
1768 5
1769 4
1773 2
1774 3
1796 4
1800 3
1813 3
1816 4
1825 3
1841 4
1842 8
1843 6
1866 7
1875 0
1880 5
1890 7
1907 2
1919 7
1929 5
1936 6
1960 5
1972 4
1986 7
1991 5
2005 0
2009 6
2014 5
2022 9
2043 0
2046 6
2056 1
2064 1
2080 0
2097 5
2101 8
2132 9
2134 4
2135 5
2139 4
2176 3
2187 3
2193 5
2197 6
2212 4
2226 3
2243 6
2249 7
2256 2
2259 8
2265 5
2270 2
2272 0
2296 1
2300 7
2301 0
2303 5
2311 6
2354 2
2355 2
2365 7
2366 6
2374 4
2386 7
2389 8
2411 5
2416 8
2425 2
2447 8
2449 3
2454 6
2477 3
2503 9
2511 0
2520 3
2525 0
2528 5
2529 8
2530 3
2543 2
2545 3
2556 5
2574 1
2575 6
2605 6
2615 3
2645 6
2648 6
2655 9
2657 9
2682 4
2685 2
2712 5
2739 8
2763 7
2765 5
2777 8
2790 1
2796 9
2800 0
2802 5
2812 5
2821 0
2825 7
2837 5
2840 3
2865 8
2867 7
2891 3
2895 0
2906 9
2927 2
2944 0
2945 8
2959 1
2978 7
2999 6
3005 5
3007 0
3012 5
3014 1
3024 7
3035 7
3077 0
3091 5
3095 4
3109 6
3122 0
3125 9
3126 4
3128 9
3130 4
3137 8
3147 9
3152 5
3156 5
3185 8
3188 2
3194 9
3197 1
3215 4
3223 2
3234 9
3237 9
3259 7
3267 4
3280 1
3286 2
3291 3
3305 0
3334 4
3339 8
3353 3
3364 1
3368 8
3378 6
3388 8
3400 3
3402 2
3417 9
3419 3
3429 8
3431 3
3435 2
3445 5
3469 1
3473 3
3475 4
3498 2
3502 8
3514 4
3521 4
3536 0
3544 7
3547 0
3550 4
3552 5
3565 1
3572 9
3573 4
3578 6
3584 0
3585 5
3586 5
3595 4
3597 9
3610 9
3614 9
3615 7
3634 3
3639 2
3645 6
3657 6
3676 3
3683 4
3687 6
3701 7
3728 0
3739 5
3746 4
3756 4
3764 4
3778 6
3787 1
3789 9
3791 2
3798 8
3820 9
3830 2
3851 4
3868 9
3885 6
3889 5
3892 0
3895 5
3901 6
3904 2
3907 7
3919 8
3976 5
3982 7
4014 1
4015 3
4016 3
4021 8
4024 7
4055 2
4062 6
4075 4
4082 6
4087 0
4089 6
4098 7
4099 3
4114 7
4121 6
4141 2
4143 3
4155 0
4157 6
4161 3
4171 0
4182 2
4184 7
4187 4
4188 7
4234 5
4242 5
4248 0
4269 6
4282 1
4298 1
4299 4
4307 6
4317 5
4325 7
4364 0
4399 0
4421 8
4427 6
4463 0
4475 2
4479 6
4498 1
4505 1
4506 7
4511 5
4520 7
4530 5
4557 9
4560 5
4568 9
4572 3
4575 0
4579 7
4585 0
4594 8
4601 0
4608 5
4637 1
4638 1
4644 3
4649 5
4684 9
4686 1
4695 6
4724 8
4727 1
4737 2
4741 5
4751 2
4759 7
4765 6
4783 5
4796 8
4802 6
4820 8
4822 3
4827 4
4837 7
4839 6
4878 4
4879 1
4888 2
4909 8
4911 1
4919 9
4923 6
4929 3
4930 0
4937 9
4944 1
4950 4
4967 7
4982 5
4987 4
4990 5
5022 9
5031 1
5035 3
5047 6
5048 6
5054 3
5059 7
5061 9
5065 3
5081 7
5084 8
5090 2
5091 8
5109 6
5120 8
5135 4
5140 7
5142 9
5153 3
5160 6
5176 1
5180 4
5187 9
5192 5
5200 0
5206 7
5207 2
5208 5
5223 9
5225 6
5227 5
5242 5
5244 6
5249 2
5268 8
5273 4
5288 6
5297 4
5301 5
5313 0
5320 1
5325 7
5346 8
5367 6
5393 2
5394 4
5395 8
5417 7
5422 1
5426 9
5428 7
5473 6
5484 9
5498 7
5514 3
5521 7
5525 3
5532 7
5557 7
5580 7
5586 3
5588 4
5601 7
5602 3
5604 5
5609 8
5618 8
5638 0
5643 3
5659 8
5675 8
5691 5
5700 8
5709 9
5717 6
5770 1
5806 3
5809 6
5818 1
5830 2
5836 5
5843 6
5855 0
5903 4
5925 1
5926 2
5934 9
5937 7
5960 0
5968 2
5971 3
5981 8
5987 1
6001 7
6016 1
6029 5
6052 3
6053 3
6056 2
6057 0
6059 8
6079 9
6115 9
6123 6
6132 5
6135 5
6147 1
6157 9
6166 8
6179 8
6187 9
6189 1
6211 7
6213 8
6224 2
6265 7
6274 1
6283 4
6297 7
6316 4
6318 4
6321 7
6332 1
6375 0
6382 4
6395 0
6400 7
6409 6
6417 6
6431 1
6445 0
6454 8
6459 8
6461 8
6469 5
6487 6
6488 2
6490 1
6494 5
6495 6
6501 7
6510 8
6520 3
6534 6
6539 5
6545 4
6554 1
6578 7
6589 2
6593 8
6601 4
6603 5
6623 0
6634 7
6642 9
6650 3
6674 5
6676 8
6679 6
6688 8
6711 6
6716 0
6731 8
6736 2
6748 5
6772 7
6774 0
6788 3
6812 6
6825 6
6852 9
6870 0
6893 4
6899 9
6905 5
6916 3
6938 2
6941 7
6980 4
6981 3
6986 9
7006 4
7008 2
7015 9
7025 9
7030 6
7033 1
7052 6
7073 3
7091 5
7093 5
7125 4
7126 0
7128 6
7144 4
7145 1
7151 0
7161 5
7170 8
7174 3
7178 0
7180 4
7214 0
7231 8
7235 9
7241 4
7245 2
7304 5
7305 1
7306 1
7319 7
7344 4
7349 7
7354 5
7361 2
7366 9
7369 4
7370 9
7375 1
7383 6
7390 1
7395 3
7396 2
7419 9
7420 3
7428 3
7429 7
7432 4
7436 2
7447 0
7449 5
7461 2
7470 7
7486 5
7501 4
7503 2
7508 4
7512 0
7514 4
7533 3
7546 4
7565 8
7578 9
7579 2
7593 9
7595 1
7597 1
7619 7
7627 5
7630 3
7632 2
7636 2
7647 8
7661 8
7668 6
7674 3
7675 0
7680 9
7690 0
7691 1
7695 3
7722 5
7739 6
7748 1
7780 7
7784 1
7807 9
7812 4
7824 1
7825 2
7829 3
7843 4
7851 3
7859 8
7871 6
7873 4
7880 1
7884 9
7885 5
7892 6
7898 1
7901 5
7905 1
7911 1
7923 3
7930 6
7964 6
7973 5
7979 7
