10
16 7
22 6
25 6
28 7
54 3
68 6
77 2
79 9
87 5
91 1
95 0
135 2
140 1
156 7
158 9
160 9
175 3
180 6
183 4
184 2
205 9
211 2
213 8
227 8
229 5
246 3
256 5
263 5
273 7
283 0
285 5
293 9
295 3
313 0
327 0
333 5
336 1
342 9
344 6
375 0
384 8
390 8
401 2
421 9
431 6
442 2
459 8
464 3
470 6
482 2
497 5
500 6
511 7
519 8
524 6
570 1
586 5
623 2
631 7
645 4
648 7
649 8
655 8
665 8
666 6
675 5
677 4
689 5
694 8
716 1
720 7
745 4
747 8
752 3
759 1
785 1
