10
2 4
6 1
26 5
46 5
51 5
57 9
78 1
87 9
95 8
125 1
129 7
139 4
152 3
160 1
168 5
175 7
183 9
197 8
202 9
214 2
231 3
238 3
264 8
266 9
278 6
281 8
314 6
317 6
327 8
328 9
335 8
338 1
346 5
355 7
376 7
381 5
391 6
400 8
405 3
412 9
416 6
424 0
425 7
435 1
439 5
451 3
455 3
461 0
463 4
518 1
519 8
530 5
538 7
549 8
553 0
557 2
566 1
571 2
590 9
598 8
599 4
603 9
606 8
620 6
623 4
626 7
632 9
643 6
655 6
672 6
674 9
675 8
699 9
706 4
719 9
725 6
726 6
734 3
741 0
747 5
780 9
819 5
820 5
825 1
862 0
868 3
875 1
891 4
897 0
906 5
936 2
947 4
969 5
1031 1
1055 6
1073 1
1086 6
1121 8
1142 3
1163 8
1170 9
1173 7
1175 9
1177 5
1188 3
1217 6
1230 6
1243 4
1251 3
1264 5
1266 5
1297 4
1303 1
1304 2
1306 1
1321 9
1324 2
1338 6
1343 1
1345 5
1364 9
1370 2
1376 1
1381 6
1385 2
1387 6
1390 5
1410 9
1439 3
1444 1
1448 9
1464 5
1467 0
1495 6
1502 4
1513 2
1517 8
1524 5
1526 9
1529 5
1545 9
1550 2
1565 8
1566 3
1571 7
1574 3
1599 5
1604 2
1606 0
1607 5
1613 8
1672 8
1675 5
1688 4
1695 9
1711 9
1729 3
1730 5
1745 5
1748 2
1757 4
1759 1
1761 8
1771 2
1782 1
1788 0
1790 8
1806 2
1808 3
1811 8
1816 5
1819 4
1826 0
1838 5
1854 5
1869 8
1877 6
1901 8
1902 8
1904 0
1920 4
1927 3
1948 8
1951 9
1954 1
1960 2
1967 1
1995 8
2010 8
2043 4
2044 5
2046 9
2054 8
2057 5
2065 5
2078 7
2088 7
2102 0
2116 1
2141 9
2146 0
2148 8
2155 0
2169 5
2176 8
2182 1
2185 6
2243 2
2251 5
2288 4
2299 6
2313 8
2323 6
2348 0
2369 0
2422 2
2453 4
2454 9
2457 6
2465 0
2471 9
2476 0
2501 0
2505 9
2507 9
2521 2
2525 4
2531 3
2535 7
2542 4
2547 0
2561 7
2586 9
2587 0
2590 0
2597 9
2601 0
2636 6
2637 5
2648 9
2670 8
2672 4
2730 7
2737 7
2744 5
2747 0
2751 9
2765 9
2786 7
2795 8
2800 2
2810 6
2830 3
2832 4
2840 8
2848 3
2857 9
2880 0
2886 2
2890 3
2892 6
2897 3
2906 4
2908 5
2916 2
2919 0
2929 7
2931 4
2939 9
2948 3
2957 2
2962 8
2995 1
2998 1
3003 2
3029 6
3040 6
3043 4
3049 9
3053 7
3069 2
3076 3
3081 8
3086 1
3089 4
3111 2
3122 6
3125 9
3146 9
3162 5
3168 7
3174 8
3183 5
3189 0
3193 9
3203 9
3209 2
3213 8
3215 1
3220 1
3232 3
3234 4
3237 0
3238 8
3245 3
3254 4
3264 8
3281 4
3288 1
3293 7
3296 7
3299 1
3304 8
3306 4
3319 2
3323 0
3329 4
3332 6
3339 1
3348 4
3394 2
3419 5
3435 6
3436 9
3439 0
3446 2
3451 0
3454 0
3458 9
3469 3
3486 6
3501 7
3543 7
3561 6
3589 6
3590 3
3593 1
3600 0
3602 4
3649 9
3650 7
3656 8
3658 0
3667 9
3680 4
3704 1
3719 7
3736 3
3749 1
3753 0
3791 9
3798 9
3811 6
3812 6
3818 8
3826 6
3834 2
3846 3
3852 2
3879 4
3890 1
3893 2
3904 3
3913 6
3920 3
3950 3
3953 5
3955 2
3966 9
3967 3
3975 5
3984 6
4002 3
4012 8
4036 3
4043 5
4045 1
4055 6
4063 5
4067 9
4071 8
4075 7
4077 4
4079 8
