10
10 7
44 6
51 3
67 9
85 2
103 4
132 4
135 5
138 8
153 5
167 6
183 8
203 8
209 3
211 3
215 1
225 9
259 5
269 8
290 6
295 4
306 3
315 0
319 3
321 2
322 9
328 7
348 0
350 3
358 1
377 7
392 4
402 7
408 5
410 5
414 6
427 4
429 1
443 1
446 5
459 2
461 4
465 4
476 0
487 5
493 0
515 3
526 4
551 2
557 7
558 8
566 1
577 9
582 9
596 8
600 5
605 8
607 7
617 0
622 9
642 2
669 6
673 4
683 2
693 5
716 5
730 0
734 0
738 2
743 3
746 2
761 2
763 9
773 4
785 7
797 8
806 5
818 5
824 6
850 7
868 9
872 4
878 5
883 4
892 8
909 1
911 9
912 6
918 8
929 8
945 1
954 8
966 1
970 8
981 6
985 3
1003 4
1034 3
1057 8
1061 8
1063 6
1071 9
1073 9
1098 7
1102 5
1107 9
1122 2
1123 9
1125 7
1136 6
1150 2
1158 4
1165 2
1187 4
1193 8
1252 1
1255 1
1265 6
1266 6
1276 4
1278 8
1286 1
1292 1
1297 6
1303 6
1308 3
1336 8
1340 0
1346 7
1349 8
1381 7
1382 2
1394 1
1396 7
1412 9
1425 0
1445 1
1450 3
1476 2
1485 8
1488 9
1492 1
1495 1
1497 4
1506 9
1507 0
1512 6
1513 2
1539 7
1541 0
1562 3
1564 4
1581 3
1582 7
1587 2
1594 7
1608 8
1623 5
1629 6
1635 5
1639 4
1692 7
1715 5
1721 6
1751 3
1761 4
1768 0
1779 5
1785 9
1810 9
1815 5
1831 5
1848 5
1855 1
1871 9
1885 4
1890 2
1911 3
1927 6
1964 9
1970 9
1974 7
1980 6
1994 0
1995 1
1997 9
2001 9
2003 1
2004 9
2014 0
2019 1
2025 9
2030 3
2034 9
2052 5
2068 2
2069 2
2079 7
2111 1
2115 1
2125 2
2140 6
2146 6
2153 8
2162 1
2180 4
2183 3
2202 2
2215 8
2253 9
2254 2
2258 2
2292 7
2300 5
2302 7
2305 0
2310 4
2330 6
2346 0
2378 3
2383 0
2398 7
2410 7
2422 7
2446 6
2450 8
2457 2
2458 3
2461 9
2469 8
2471 7
2476 8
2495 8
2507 5
2509 0
2512 5
2513 3
2515 7
2535 0
2537 6
2555 6
2556 2
2560 5
2565 8
2567 6
2589 3
2597 5
2599 3
2602 3
2612 5
2613 6
2643 6
2653 0
2658 4
2664 3
2665 9
2666 4
2672 8
2675 7
2677 1
2693 0
2717 1
2729 4
2731 0
2732 7
2742 7
2755 6
2765 3
2770 9
2774 7
2787 5
2792 8
2815 5
2825 2
2833 4
2853 8
2872 8
2876 2
2897 9
2917 9
2925 0
2927 9
2936 6
2967 5
2968 2
2970 3
2975 9
2982 5
2986 3
2989 3
2990 5
