10
2 1
5 8
23 6
24 8
25 5
27 4
34 3
36 9
42 2
53 8
58 9
61 3
63 5
64 1
70 3
75 5
80 0
87 9
91 1
111 3
112 0
126 8
154 8
173 7
185 6
249 6
250 3
267 0
275 0
279 3
301 0
307 0
313 9
331 5
354 8
362 9
374 1
376 7
377 0
400 9
401 9
403 0
405 4
410 5
461 6
470 1
510 6
543 8
545 7
546 8
547 0
562 9
577 7
582 6
584 6
596 9
603 8
604 8
609 0
614 9
635 1
649 0
652 4
655 2
658 5
663 0
700 7
704 6
715 3
751 2
754 1
762 0
767 8
780 6
786 7
801 6
814 2
828 2
840 7
854 1
858 1
878 8
899 0
959 3
969 4
976 1
1014 5
1019 6
1030 4
1032 3
1038 1
1050 2
1070 9
1080 0
1101 1
1102 4
1103 5
1111 5
1114 8
1116 3
1126 5
1137 6
1145 1
1158 7
1160 0
1163 1
1193 1
1205 3
1225 7
1238 1
1256 9
1282 6
1285 3
1286 9
1294 1
1295 3
1310 4
1320 8
1358 0
1360 7
1372 5
1373 2
1374 9
1389 0
1406 4
1418 2
1425 6
1430 9
1438 2
1439 3
1442 6
1444 2
1445 3
1450 6
1462 9
1468 8
1484 7
1495 1
1507 3
1514 3
1524 6
1532 7
1533 8
1535 8
1546 2
1562 5
1566 1
1596 9
1603 7
1623 7
1628 2
1631 6
1648 5
1657 7
1680 3
1682 4
1692 4
1701 4
1713 0
1715 8
1724 6
1727 3
1734 3
1735 5
1750 9
1769 5
1770 6
1773 7
1779 7
1803 0
1811 9
1822 8
1838 8
1841 4
1854 6
1857 9
1870 3
1873 8
1882 8
1888 5
1923 1
1932 3
1940 4
1944 0
1947 2
1956 3
1959 4
1963 2
1973 5
1997 4
2024 2
2033 5
2063 0
2088 3
2098 0
2103 8
2124 3
2125 7
2142 7
2170 2
2174 8
2207 2
2231 0
2241 3
2279 5
2282 4
2284 4
2286 1
2310 7
2313 1
2316 6
2318 5
2320 8
2333 9
2345 8
2355 2
2359 8
2368 2
2370 7
2373 7
2379 8
2396 8
2400 9
2433 9
2442 5
2447 9
2456 4
2501 9
2512 8
2518 2
2519 2
2523 9
2535 8
2537 0
2540 4
2549 0
2562 6
2573 5
2575 9
2577 7
2602 7
2604 1
2610 9
2641 2
2649 9
2666 9
2669 5
2670 6
2701 2
2710 8
2717 0
2731 1
2761 6
2768 1
2771 8
2780 6
2784 0
2787 9
2796 8
2800 4
2808 2
2809 7
2815 9
2828 9
2837 5
2843 8
2846 6
2863 1
2869 4
2871 1
2894 7
2897 6
2898 6
2921 9
2923 3
2925 2
2933 5
2937 5
2948 6
2950 1
2960 2
2974 8
2987 5
3009 8
3010 8
3015 5
3016 5
3022 8
3023 0
3028 4
3069 6
3075 0
3081 4
3094 4
3106 2
3124 1
3150 6
3156 8
3165 7
3166 0
3171 2
3173 5
3220 5
3222 5
3233 5
3234 5
3240 8
3249 0
3268 5
3269 9
3282 7
3288 1
3294 3
3299 6
3338 6
3346 7
3356 7
3366 0
3367 9
3376 6
3405 2
3409 5
3410 2
3417 0
3477 0
3483 6
3487 4
3495 6
3505 9
3515 2
3517 2
3533 7
3535 9
3537 8
3569 6
3574 2
3579 7
3580 4
3583 4
3587 8
3646 6
3647 4
3648 1
3665 9
3671 4
3675 5
3679 5
3698 6
3702 6
3705 0
3709 8
3726 1
3729 1
3732 8
3746 9
3758 3
3763 6
3772 3
3773 4
3778 6
3783 7
3827 5
3834 2
3847 8
3852 4
3854 0
3862 8
3868 3
3873 6
3876 1
3882 2
3883 5
3884 8
3889 4
3898 2
3912 0
3916 3
3926 2
3944 3
3954 0
3973 0
3974 8
3981 9
3987 5
3996 7
4000 7
4019 1
4020 4
4032 4
4060 2
4071 6
4094 0
4104 4
4109 3
4110 7
4125 7
4133 1
4139 6
4187 1
4199 4
4214 3
4221 7
4222 7
4233 1
4250 4
4252 0
4255 6
4263 7
4265 2
4301 2
4302 1
4305 2
4307 2
4321 4
4322 2
4323 4
4337 7
4350 0
4351 7
4379 5
4382 5
4394 5
4399 9
4405 6
4408 3
4410 9
4420 7
4440 0
4441 9
4458 3
4465 8
4479 8
4514 1
4515 4
4525 0
4529 9
4551 6
4553 8
4556 6
4564 5
4576 8
4577 8
4585 9
4594 9
4620 3
4634 9
4640 8
4642 8
4651 5
4652 3
4681 5
4691 9
4694 3
4715 3
4723 7
4755 1
4759 5
4761 4
4800 6
4812 9
4822 6
4824 1
4835 1
4846 5
4852 0
4864 5
4890 5
4903 7
4909 2
4935 3
4941 1
4953 0
4958 8
4959 9
4973 5
4975 9
4984 8
4987 6
4994 8
5000 2
5004 8
5014 9
5016 5
5018 2
5025 1
5036 3
5038 4
5080 1
5081 4
5086 2
5098 3
5100 2
5118 7
5130 4
5138 7
5154 8
5167 4
5171 7
5178 8
5187 1
5205 4
5206 5
5207 6
5238 0
5239 7
5241 2
5244 9
5246 6
5256 7
5257 8
5264 8
5269 3
5286 0
5295 0
5296 4
5304 7
5322 4
5328 7
5329 8
5331 7
5334 6
5339 0
5365 3
5370 7
5371 0
5374 0
5375 3
5377 4
5392 3
5406 1
5424 5
5427 6
5463 8
5469 2
5481 2
5504 5
5531 5
5537 4
5544 0
5545 8
5575 1
5592 6
5604 5
5624 3
5630 9
5632 2
5645 6
5709 5
5716 8
5719 0
5721 3
5726 4
5756 1
5787 9
5788 9
5791 3
5796 2
5820 9
5830 0
5867 3
5868 5
5897 5
5903 4
5920 1
5928 7
5934 6
5939 0
5947 8
5950 4
5967 0
5987 5
5989 0
5994 4
6004 5
6025 3
6030 5
6041 5
6043 4
6045 7
6049 6
6051 8
6064 0
6082 2
6131 6
6135 8
6145 8
6183 7
6205 6
6227 6
6239 8
6242 4
6252 7
6260 9
6261 6
6263 0
6285 9
