10
6 5
9 2
13 8
28 0
40 1
60 9
66 3
71 0
79 1
84 1
93 7
99 9
136 8
143 4
153 4
154 1
166 5
189 4
195 3
196 0
215 2
223 6
228 3
232 2
233 7
237 6
248 2
253 1
254 2
257 7
264 8
266 7
289 8
292 7
303 0
324 0
337 3
358 1
382 0
384 4
407 5
419 4
421 5
426 7
430 6
446 4
466 6
480 5
490 0
492 8
496 9
511 1
516 8
521 8
526 1
527 9
528 9
548 7
556 6
557 1
579 4
593 5
603 3
606 8
637 1
638 0
639 8
662 5
684 5
693 5
697 3
709 0
714 0
716 9
728 3
729 2
736 3
750 7
778 0
801 3
808 3
822 3
859 2
864 2
869 9
889 9
926 3
958 5
993 3
998 0
1001 1
1017 2
1027 0
1036 2
1060 7
1074 4
1079 4
1097 1
1103 9
1106 0
1108 5
1120 4
1126 4
1136 4
1148 4
1160 1
1165 6
1167 2
1183 3
1200 6
1204 5
1205 1
1218 3
1221 8
1252 5
1257 5
1262 6
1271 9
1279 2
1280 2
1288 7
1328 7
1330 1
1333 5
1364 0
1370 4
1372 6
1395 9
1412 6
1441 4
1447 6
1449 0
1459 6
1462 3
1465 5
1498 8
1506 1
1508 4
1528 3
1532 4
1541 9
1556 5
1559 5
1561 6
1564 4
1569 2
1577 1
1584 6
1605 4
1607 4
1628 0
1634 6
1638 2
1640 5
1642 6
1656 4
1672 2
1698 5
1699 6
1700 1
1704 1
1711 6
1716 9
1767 0
1779 4
1783 9
1831 4
1839 6
1853 4
1854 4
1886 0
1894 2
1910 6
1920 5
1929 6
1930 2
1939 9
1947 1
1954 7
1964 0
1968 1
1981 1
1986 5
1992 7
1993 4
1994 1
2010 9
2011 4
2030 1
2033 1
2034 8
2053 0
2059 9
2083 1
2090 7
2093 3
2095 6
2112 9
2115 7
2120 0
2122 4
2144 2
2145 3
2150 3
2153 7
2166 5
2174 6
2175 8
2180 1
2188 9
2197 5
2201 9
2204 9
2207 2
2217 6
2218 7
2227 3
2230 5
2232 1
2234 8
2240 4
2247 2
2267 5
2279 7
2293 7
2294 7
2299 5
2312 9
2314 0
2327 5
2332 9
2336 1
2338 8
2351 8
2352 9
2358 7
2360 3
2362 5
2364 7
2378 8
2380 4
2381 5
2384 6
2390 7
2394 7
2413 4
2417 5
2432 8
2441 9
2446 7
2462 5
2465 1
2483 9
2494 6
2512 3
2523 1
2528 5
2536 9
2545 1
2571 7
2587 4
2601 9
2604 9
2636 1
2643 5
2651 8
2652 8
2668 7
2673 9
2688 6
2691 7
2693 4
2721 1
2732 8
2739 2
2746 2
2750 8
2751 4
2756 3
2762 1
2783 8
2792 2
2794 9
2810 3
2816 4
2819 7
2830 4
2831 6
2832 7
2845 9
2863 7
2875 8
2887 5
2901 3
2907 8
2914 7
2918 6
2929 3
2971 7
3000 0
3019 3
3029 1
3030 4
3032 4
3034 9
3049 4
3051 0
3056 6
3057 1
3063 7
3074 2
3107 9
3109 8
3123 9
3135 8
3149 1
3172 3
3181 3
3182 9
3190 1
3193 1
3214 5
3216 3
3218 7
3229 2
3239 9
3245 6
3248 8
3273 7
3288 0
3298 4
3317 1
3337 6
3352 2
3354 4
3368 2
3371 0
3379 9
3385 6
3408 1
3414 7
3418 9
3424 1
3425 8
3428 3
3440 2
3452 6
3460 2
3468 0
3481 9
3487 5
3516 3
3553 7
3574 1
3593 6
3625 5
3629 3
3632 4
3638 1
3645 7
3678 0
3692 6
3696 0
3698 8
3701 3
3703 6
3715 7
3745 4
3746 0
3756 3
3758 5
3760 4
3766 4
3768 1
3791 1
3798 7
3800 4
3805 3
3806 6
3824 0
3839 9
3844 5
3850 9
3855 6
3883 9
3899 0
3904 2
3918 9
3935 1
3969 7
3971 9
3977 0
3978 2
4004 1
4051 3
4068 0
4074 1
4098 6
4108 3
4119 4
4144 2
4154 4
4157 0
4161 8
4174 4
4180 7
4183 3
4187 3
4233 2
4234 2
4247 2
4256 8
4265 0
4271 6
4281 7
4289 3
4292 7
4306 4
4314 8
4350 7
4362 5
4373 5
4378 6
4399 4
4413 9
4424 4
4429 9
4440 2
4442 6
4444 0
4454 4
4458 8
4460 4
4497 3
4505 4
4510 6
4522 2
4527 1
4542 0
4548 4
4574 2
4580 7
4592 0
4603 4
4629 0
4640 9
4649 9
4659 3
4698 2
4704 7
4712 9
4720 7
4722 2
4750 2
4753 5
4764 2
4773 4
4792 2
4793 4
4794 6
4799 0
4800 0
4802 7
4807 4
4826 0
4830 9
4835 7
4838 7
4843 8
4846 3
4849 3
4872 6
4873 0
4903 3
4906 5
4914 4
4919 3
4924 3
4931 1
4939 9
4945 7
4956 5
4972 5
5009 2
5013 0
5018 0
5020 5
5031 9
5039 4
5050 9
5061 1
5063 8
5071 9
5076 1
5109 3
5113 9
5122 9
5130 1
5141 8
5147 5
5176 2
5191 1
5192 6
5206 5
5216 3
5220 8
5223 9
5225 7
5227 1
5236 4
5242 5
5254 6
5259 1
5263 4
5264 9
5266 6
5269 5
5276 6
5282 2
5289 3
5301 8
5302 1
5314 2
5324 4
5326 8
5350 6
5355 4
5361 9
5399 2
5407 5
5419 9
5421 2
5427 7
5430 4
5433 2
5438 4
5456 3
5460 4
5461 4
5462 2
5497 0
5517 7
5525 5
5535 6
5538 8
5546 9
5563 8
5569 1
5580 3
5600 3
5624 7
5649 8
5653 6
5657 9
5664 4
5694 7
5731 1
5753 3
5761 7
5789 6
5806 7
5808 7
5833 5
5834 7
5837 0
5854 4
5867 9
5894 3
5899 7
5909 9
5912 6
5939 0
5946 6
5966 0
5967 8
5986 6
5993 5
5997 6
