10
28 4
35 4
37 3
39 9
42 2
58 8
76 4
78 5
79 3
88 8
106 8
123 2
128 7
131 1
161 7
162 5
191 3
198 2
207 7
213 4
229 5
241 9
253 3
260 2
261 4
263 9
277 8
291 9
295 6
301 6
303 8
362 4
369 9
388 4
400 8
408 7
415 7
424 4
442 7
464 2
466 3
470 3
488 1
491 5
515 7
530 6
539 1
542 4
547 4
558 5
569 3
571 4
588 2
612 7
617 4
626 9
640 5
643 0
663 9
672 0
679 4
682 6
687 8
706 6
735 8
739 1
747 9
772 9
787 6
796 5
810 8
817 7
826 8
832 1
847 5
854 1
863 2
870 4
873 7
880 6
909 7
926 0
930 3
969 0
978 2
979 4
996 2
997 0
999 3
1006 0
1013 5
1020 1
1040 6
1064 1
1065 0
1069 2
1075 5
1087 3
1098 8
1102 5
1123 9
1137 9
1141 4
1152 2
1153 8
1158 9
1161 4
1163 2
1166 5
1169 4
1183 7
1204 1
1205 0
1206 6
1211 0
1221 3
1226 9
1237 8
1242 9
1247 0
1250 7
1267 0
1278 0
1286 4
1297 2
1304 0
1340 7
1358 0
1362 8
1376 1
1383 1
1385 7
1387 7
1396 4
1425 5
1452 6
1455 1
1461 1
1464 4
1466 1
1467 7
1485 0
1491 0
1517 6
1520 6
1526 4
1533 7
1547 9
1561 2
1565 7
1597 6
1616 4
1622 2
1624 1
1630 0
1631 5
1636 6
1638 8
1641 4
1652 0
1669 9
1679 5
1684 0
1686 3
1688 9
1711 4
1718 7
1724 2
1735 6
1737 2
1746 9
1762 2
1799 5
1801 6
1822 8
1842 1
1857 5
1862 9
1865 1
1876 8
1881 9
1888 8
1898 7
1908 8
1910 7
1912 0
1925 4
1926 4
1939 9
1940 6
1949 9
1950 4
1981 8
1988 6
2006 5
2051 4
2068 0
2078 3
2079 2
2083 9
2084 8
2086 6
2087 5
2105 5
2106 7
2119 3
2164 4
2165 8
2167 3
2185 4
2186 1
2205 9
2210 8
2246 8
2257 2
2258 8
2260 1
2264 7
2267 3
2280 4
2281 8
2282 2
2303 2
2307 1
2311 0
2317 9
2335 8
2340 0
2341 2
2367 5
2401 4
2409 1
2413 0
2417 4
2419 8
2430 9
2437 1
2489 1
2496 6
2506 6
2511 8
2513 8
2514 0
2526 2
2536 0
2541 4
2543 2
2555 8
2558 1
2563 8
2582 1
2598 4
2617 2
2618 6
2621 9
2626 8
2629 9
2639 3
2646 9
2653 0
2669 8
2708 6
2724 4
2745 6
2749 2
2753 7
2759 0
2761 7
2775 1
2782 3
2793 4
2798 2
2804 1
2812 7
2825 3
2848 7
2861 6
2865 8
2877 1
2878 6
2883 4
2887 6
2892 9
2900 1
2905 3
2910 4
2919 2
2933 8
2948 4
2975 7
3005 4
3030 0
3033 4
3047 3
3049 7
3063 6
3067 9
3083 4
3089 6
3094 3
3105 4
3107 8
3110 9
3123 1
3126 9
3127 1
3130 8
3132 5
3139 6
3148 2
3152 6
3161 9
3178 5
3180 9
3181 5
3197 2
3207 4
3213 8
3220 2
3230 0
3231 1
3235 5
3248 3
3313 0
3315 1
3316 2
3320 9
3324 1
3331 2
3344 3
3358 8
3359 0
3377 0
3404 1
3426 4
3432 8
3449 9
3456 1
3466 9
3475 2
3489 3
3500 8
3510 7
3514 8
3515 8
3531 5
3535 5
3553 2
3566 9
3584 0
3602 1
3604 8
3606 6
3613 3
3627 7
3650 9
3652 5
3670 2
3680 9
3681 4
3706 2
3714 8
3754 2
3757 4
3777 9
3779 3
3799 6
3811 8
3832 7
3837 8
3850 4
3854 3
3872 4
3873 5
3888 7
3889 3
3890 4
3899 9
3904 6
3905 0
3911 1
3913 4
3915 1
3923 3
3930 7
3943 9
3944 9
3959 3
3978 4
3981 5
3994 6
3995 9
4000 0
4004 8
4006 3
4008 8
4015 8
4033 9
4044 3
4046 5
4047 2
4064 7
4069 9
4083 9
4095 1
4105 9
4121 1
4126 7
4133 4
4143 7
4146 0
4151 8
4188 8
4208 8
4219 8
4220 3
4221 4
4224 3
4225 4
4239 9
4247 9
4266 6
4272 2
4281 3
4299 8
4315 8
4325 0
4331 2
4342 2
4377 2
4381 6
4406 0
4412 4
4423 0
4424 3
4425 6
4466 6
4470 3
4471 2
4473 3
4479 2
4484 8
4491 1
4511 8
4513 2
4528 4
4533 9
4565 4
4566 4
4567 5
4584 5
4591 8
4609 6
4613 0
4618 7
4635 1
4652 8
4677 4
4686 6
4687 0
4693 2
4696 4
4702 3
4706 2
4720 9
4753 8
4776 0
4797 5
4806 2
4811 5
4830 9
4832 2
4845 5
4857 8
4858 6
4870 8
4872 4
4889 3
4941 6
4948 7
4965 9
4977 2
4984 1
4988 4
4992 4
4995 6
4999 9
5027 2
5041 7
5048 4
5059 4
5071 8
5075 3
5089 7
5111 9
5113 1
5117 4
5122 2
5127 0
5132 5
5137 7
5159 4
5162 0
5174 1
5176 0
5181 8
5183 3
5185 3
5188 7
5219 4
5223 0
5228 6
5267 3
5304 8
5316 0
5317 1
5319 1
5346 0
5354 4
5377 1
5400 5
5408 1
5424 5
5432 0
5438 6
5444 6
5455 1
5458 5
5471 1
5475 0
5479 1
5501 2
5502 0
5503 5
5509 2
5575 4
5585 2
5611 8
5617 1
5632 1
5647 9
5653 7
5659 0
5664 5
5666 5
5681 9
5701 8
5705 7
5717 8
5720 8
5721 4
5725 2
5728 0
5730 9
5731 4
5754 3
5756 7
5761 5
5786 5
5800 8
5822 8
5858 8
5891 7
5900 2
5902 9
5912 7
5926 1
5941 3
5954 7
5959 3
5989 9
5991 0
6023 3
6025 7
6033 2
6036 9
6053 1
6076 9
6084 9
6086 0
6093 6
6102 4
6127 2
6131 8
6136 7
6137 4
6138 3
6146 4
6160 3
6165 3
6190 5
6211 6
6219 9
6220 3
6243 8
6272 7
6276 8
6317 7
6337 4
6343 4
6350 6
6354 1
6358 8
6370 9
