10
11 5
30 8
37 1
52 4
58 1
60 3
66 8
95 5
98 1
99 4
101 8
103 7
109 0
116 1
135 7
146 0
150 8
151 4
158 3
159 1
167 8
183 6
188 8
196 6
216 2
218 8
222 8
229 7
230 4
231 7
233 9
235 7
239 5
244 4
257 9
259 9
271 9
292 6
321 6
332 9
350 4
357 5
361 0
371 9
373 4
393 2
404 4
411 3
413 9
428 8
447 0
449 5
463 5
481 1
483 1
493 3
507 6
514 1
524 3
526 7
537 5
538 1
544 8
546 0
558 4
560 5
565 9
574 3
628 2
635 3
643 0
647 6
669 9
677 7
685 1
712 1
721 8
729 3
760 0
768 5
781 0
804 2
807 1
809 3
810 1
814 7
828 9
837 6
840 5
842 5
848 6
851 9
854 4
864 0
874 7
881 0
905 7
919 7
926 8
927 5
943 5
967 4
969 3
1021 5
1027 0
1063 7
1068 2
1079 2
1088 9
1126 8
1134 6
1154 8
1158 3
1165 4
1167 4
1173 3
1185 0
1187 6
1194 7
1203 0
1243 5
1244 7
1245 4
1256 9
1265 9
1268 8
1282 5
1286 9
1291 5
1306 2
1313 6
1314 8
1316 7
1335 4
1340 3
1352 6
1367 9
1369 4
1375 5
1382 7
1406 1
1418 4
1428 2
1436 4
1457 1
1459 5
1460 0
1478 4
1487 9
1494 4
1497 6
1524 9
1553 6
1568 7
1572 2
1585 0
1591 8
1593 7
1594 0
1597 2
1626 4
1635 0
1650 0
1652 6
1664 2
1699 5
1730 3
1742 2
1756 9
1758 6
1761 2
1762 7
1771 3
1775 6
1778 5
1782 5
1785 5
1786 2
1789 1
1828 9
1831 6
1837 8
1840 3
1841 7
1843 3
1864 5
1871 2
1873 8
1883 4
1936 2
1946 2
1952 5
1957 7
1959 6
1976 8
1981 5
1984 6
1993 8
2025 4
2043 5
2071 2
2087 5
2093 5
2094 5
2104 6
2108 5
2121 3
2130 9
2148 5
2157 5
2158 8
2163 3
2201 4
2210 1
2211 6
2217 9
2254 7
2280 5
2295 4
2299 4
2304 8
2316 2
2321 2
2332 4
2334 7
2338 1
2339 9
2347 4
2382 5
2391 4
2406 4
2418 3
2423 2
2430 1
2436 2
2437 9
2440 1
2446 8
2458 7
2464 7
2473 1
2495 8
2497 9
2531 1
2536 9
2544 1
2567 3
2578 2
2585 0
2592 3
2593 2
2608 1
2631 3
2639 2
2661 1
2681 5
2682 3
2683 9
2685 4
2689 5
2694 9
2699 5
2702 1
2722 6
2737 8
2744 9
2770 1
2775 7
2777 6
2806 9
2813 0
2815 4
2828 3
2829 0
2847 1
2852 9
2853 8
2857 3
2869 8
2881 2
2920 5
2928 5
2960 0
3002 6
3026 6
3049 5
3057 1
3081 0
3091 3
3122 1
3132 0
3133 6
3150 2
3152 6
3161 6
3168 8
3174 6
3184 9
3186 2
3199 8
3215 3
3220 3
3229 2
3240 5
3247 4
3251 7
3267 7
3278 2
3280 7
3282 2
3289 6
3290 9
3293 8
3302 2
3307 7
3312 1
3318 4
3333 9
3339 4
3365 1
3372 5
3374 8
3392 9
3393 6
3395 2
3416 9
3491 9
3507 6
3513 6
3534 7
3542 1
3543 9
3556 7
3578 5
3595 8
3599 6
3605 4
3610 5
3628 6
3639 5
3652 4
3653 8
3675 5
3690 4
3694 4
3699 9
3716 7
3722 0
3731 5
3735 5
3751 9
3757 0
3760 2
3761 2
3767 3
3768 5
3799 0
3820 0
3825 5
3833 6
3864 0
3867 9
3888 1
3898 8
3906 8
3912 0
3936 7
3942 3
3946 2
3962 6
3967 5
3975 8
3981 5
3988 2
3990 3
4001 8
4006 0
4011 0
4032 0
4042 8
4060 4
4076 5
4083 5
4088 3
4093 5
4104 3
4136 2
4139 9
4142 2
4146 0
4163 2
4173 4
4174 8
4194 8
4214 0
4226 4
4233 3
4245 7
4260 0
4268 1
4273 3
4282 1
4287 7
4297 9
4300 7
4301 3
4305 1
4309 7
4331 4
4337 1
4343 2
4345 8
4346 2
4352 4
4371 4
4383 8
4385 4
4405 2
4407 7
4409 8
4415 6
4421 4
4431 1
4436 2
4439 6
4465 9
4472 3
4493 2
4498 7
4545 1
4549 7
4558 8
4564 1
4570 2
4571 8
4578 5
4586 1
4595 4
4597 5
4602 2
4604 5
4607 8
4608 3
4613 2
4625 4
4635 4
4638 2
4656 2
4657 0
4665 2
4676 9
4691 8
4696 6
4724 8
4728 9
4734 3
4737 3
4754 1
4758 5
4768 4
4784 1
4790 4
4797 4
4801 7
4802 4
4815 3
4816 1
4833 0
4848 5
4853 8
4883 7
4888 2
4890 8
4897 4
4904 9
4925 9
4932 3
4944 7
4959 0
4961 1
4966 3
4980 9
4989 7
4991 4
4993 2
4994 4
4997 1
5002 6
5011 1
5015 9
5020 9
5025 9
5043 4
5049 4
5053 8
5083 4
5108 1
5126 3
5128 2
5136 7
5142 8
5146 0
5157 8
5161 6
5171 7
5177 7
5179 1
5186 0
5205 8
5213 5
5214 3
5223 2
5235 0
5246 2
5248 0
5253 0
5258 5
5292 1
5305 2
5308 7
5309 8
5313 0
5318 8
5330 7
5341 5
5344 3
5355 3
5364 7
5368 3
5399 7
5401 8
5402 4
5409 8
5434 9
5450 6
5454 0
5461 3
5467 7
5472 6
5477 7
5487 7
5506 3
5522 2
5532 2
5535 6
5557 9
5559 8
5564 7
5566 4
5567 7
5584 0
5592 7
5629 4
5632 9
5646 6
5653 8
5662 4
5686 2
5689 7
5705 9
5707 3
5719 0
5725 3
5729 3
5734 7
5751 0
5753 0
5756 7
5771 7
5782 8
5789 4
5793 7
5794 8
5807 1
5821 2
5823 1
5832 4
5867 4
5891 6
5892 6
5934 6
5947 8
5955 5
5958 1
5961 4
6029 7
6034 9
6042 3
6050 3
6053 3
6055 3
6071 1
6080 5
6094 9
6119 7
6219 6
6234 1
6237 8
6239 4
6286 9
6291 0
6293 6
6299 1
6300 5
6309 7
6342 5
6344 9
6351 7
6353 6
6355 4
6356 1
6360 3
6362 3
6365 9
6374 7
6378 7
6381 9
6382 8
6400 6
6403 5
6422 9
6436 6
6450 0
6451 2
6452 6
6458 3
6464 9
6468 7
6471 4
6473 7
6474 9
6489 9
6495 2
6505 7
6508 8
6512 9
6513 7
6516 4
6519 2
6532 7
6550 2
6581 7
6593 1
6602 5
6609 5
6612 5
6613 9
6623 6
6631 7
6643 6
6654 8
6678 5
6702 2
6704 5
6728 0
6765 5
6772 7
6781 3
6795 9
6796 6
6800 8
6803 8
6808 9
6812 4
6820 9
6827 0
6832 1
6833 0
6869 8
6870 7
6871 6
6875 0
6883 6
6885 1
6886 0
6889 8
6890 0
6891 0
6913 6
6932 2
6942 5
6950 1
6972 9
6998 3
7009 6
7024 9
7035 4
7041 1
7048 5
7051 9
7054 6
7062 8
7071 2
7073 5
7076 9
7081 6
7092 6
7113 1
7128 1
7134 6
7149 6
7188 8
7191 2
7195 4
7208 2
7209 7
7225 7
7238 4
7268 2
7278 7
7291 3
7296 3
7311 2
7336 8
7337 5
7338 1
7348 4
7351 4
7354 0
7374 8
7392 9
7394 7
7415 1
7420 1
7451 1
7457 4
7463 7
7465 7
7470 0
7481 3
7485 1
7493 5
7516 2
7522 4
7529 0
7537 2
7547 3
7562 4
7577 3
7586 1
7608 1
7609 4
7623 5
7682 8
7695 1
7707 2
7760 0
7765 4
7769 3
7794 0
7796 5
7831 3
7851 6
7856 4
7868 8
7873 4
7874 3
7879 3
7898 5
7939 6
7947 8
7962 0
7963 0
7972 8
7974 0
7975 0
7994 5
8009 7
8016 1
8068 1
8078 1
8084 3
8088 0
8097 1
8103 9
8108 5
8123 1
8180 8
8198 5
8228 3
8232 7
8245 6
8246 1
8247 4
8260 2
8264 4
8277 4
8282 6
8294 5
8298 0
