10
3 5
5 8
8 3
12 4
15 4
31 1
33 4
45 9
49 2
51 6
72 9
107 6
110 7
131 7
132 1
171 7
175 1
185 7
205 8
241 6
249 4
256 7
259 2
291 7
301 1
308 3
314 7
322 6
337 4
357 2
359 1
364 5
368 3
370 7
384 9
389 1
403 5
409 7
417 2
419 9
435 8
448 2
453 5
461 1
466 2
467 4
472 5
480 6
484 3
506 9
510 5
512 6
514 4
517 3
549 6
557 0
564 1
586 9
593 3
599 1
603 4
607 1
614 6
634 4
643 6
649 3
653 3
655 4
675 1
681 7
692 8
697 4
704 3
707 7
743 7
760 2
766 9
770 3
792 6
799 0
802 8
821 6
824 7
829 5
832 2
857 3
862 9
882 4
892 4
903 5
906 3
910 3
935 8
942 2
953 0
956 5
959 2
977 7
978 9
986 4
992 5
993 7
1004 8
1006 2
1008 0
1018 6
1060 6
1076 7
1092 7
1103 5
1125 0
1151 9
1158 2
1183 1
1203 3
1206 3
1237 3
1256 0
1270 0
1279 7
1281 8
1284 0
1295 7
1347 5
1349 7
1351 0
1361 8
1373 0
1390 7
1396 8
1420 1
1423 6
1450 9
1470 2
1482 8
1488 8
1490 9
1508 4
1511 1
1527 3
1535 1
1537 3
1541 4
1549 9
1554 0
1566 2
1584 3
1587 5
1596 0
1607 3
1614 2
1626 6
1645 2
1655 4
1658 4
1664 6
1666 2
1678 7
1679 1
1687 6
1688 8
1741 4
1764 2
1799 8
1818 9
1831 1
1842 6
1848 7
1863 5
1880 9
1886 2
1892 3
1898 0
1923 1
1940 7
1943 2
1944 5
1958 4
1975 5
1978 2
1984 1
1988 5
1990 1
1999 4
2022 1
2039 0
2058 2
2076 0
2083 2
2089 0
2093 2
2097 4
2100 4
2102 1
2106 2
2111 5
2122 3
2135 2
2136 6
2143 5
2148 1
2195 2
2198 3
2250 0
2253 0
2269 9
2280 6
2290 5
2295 0
2298 5
2303 5
2313 9
2316 3
2318 7
2331 8
2373 1
2374 2
2377 1
2382 2
2386 7
2390 7
2402 3
2410 6
2421 1
2422 1
2430 1
2436 5
2442 2
2445 2
2447 6
2448 3
2468 5
2470 1
2479 3
2480 1
2484 1
2504 4
2520 0
2527 4
2539 9
2541 2
2543 4
2547 5
2549 8
2553 1
2559 6
2565 7
2566 7
2571 4
2573 9
