10
9 5
12 5
46 1
53 1
55 5
56 9
66 9
72 5
80 4
84 5
99 9
103 9
106 4
110 1
123 5
166 3
180 3
203 6
215 4
226 6
228 8
239 1
241 9
253 6
265 8
290 4
314 5
321 3
325 3
331 8
339 2
353 0
357 2
364 2
382 5
393 0
396 4
403 9
410 0
411 3
414 1
417 0
422 8
424 4
432 3
435 6
454 3
458 0
469 1
489 9
500 3
511 4
513 6
515 8
519 1
524 0
549 1
555 8
561 7
590 7
597 9
601 1
605 1
609 7
627 8
634 4
637 2
645 5
661 5
664 2
673 9
681 6
682 8
688 1
690 8
711 4
716 2
721 2
732 7
735 7
736 5
739 1
757 8
763 8
772 6
774 8
780 2
785 7
790 7
794 3
797 3
833 8
860 4
874 3
878 8
887 8
906 0
907 7
930 6
941 4
942 8
956 5
968 0
971 5
974 2
1011 4
1013 1
1040 2
1050 5
1054 9
1076 9
1086 8
1094 9
1105 0
1111 3
1119 3
1127 4
1128 8
1168 8
1190 1
1203 0
1208 2
1217 5
1219 3
1222 2
1230 8
1237 3
1238 5
1275 8
1278 6
1280 2
1306 1
1312 9
1318 2
1333 7
1349 7
1355 2
1356 3
1358 3
1359 9
1373 9
1377 1
1380 9
1390 5
1433 0
1435 0
1448 5
1449 7
1453 0
1456 1
1461 7
1464 6
1475 0
1478 7
1488 8
1490 3
1548 2
1554 8
1564 8
1574 1
1586 5
1589 1
1591 3
1596 2
1597 8
1605 0
1608 2
1613 6
1618 2
1639 8
1650 1
1654 5
1659 5
1663 5
1665 5
1680 8
1688 2
1698 3
1706 9
1710 6
1712 1
1721 8
1723 1
1728 9
1735 1
1736 6
1755 0
1783 5
1787 5
1792 9
1796 1
1812 9
1822 9
1826 9
1829 2
1835 2
1863 1
1886 6
1888 5
1897 3
1932 9
1946 4
1956 0
1964 2
1965 7
1985 1
1988 9
2007 4
2018 2
2035 9
2041 5
2065 3
2086 0
2101 9
2104 8
2109 7
2112 6
2129 6
2140 4
2146 6
2153 9
2173 4
2174 3
2179 3
2189 2
2204 2
2207 9
2215 7
2223 6
2224 1
2227 5
2229 1
2238 7
2271 0
2277 7
2294 4
2308 6
2312 7
2313 0
2320 1
2325 5
2330 7
2359 7
2378 7
2387 9
2450 7
2453 0
2466 5
2482 5
2500 2
2518 1
2535 5
2575 5
2588 1
2621 3
2633 6
2636 7
2669 4
2677 2
2690 4
2704 5
2720 3
2722 2
2724 6
2735 7
2739 8
2746 1
2761 9
2765 7
2769 7
2778 9
2782 3
2789 3
2797 1
2833 9
2855 1
2865 8
2888 4
2890 0
2908 3
2915 9
2924 6
2930 1
2939 5
2941 3
2948 7
2966 3
2988 0
2990 1
3001 9
3005 7
3017 7
3030 7
3031 0
3032 8
3055 2
3060 7
3061 0
3066 3
3091 3
3117 8
3124 8
3135 4
3163 0
3172 7
3181 0
3188 1
3200 8
3223 8
3275 8
3313 6
3320 2
3339 5
3340 0
3346 3
3349 3
3351 4
3366 2
3379 6
3389 8
3405 3
3407 1
3409 0
3423 7
3440 6
3450 5
3460 8
3473 9
3477 7
3498 2
3533 5
3552 3
3554 1
3557 0
3558 9
3580 0
3609 4
3612 2
3616 1
3625 9
3634 8
3663 8
3665 3
3670 3
3678 3
3679 5
3692 7
3706 9
3714 8
3715 9
3724 9
3727 5
3742 6
3750 5
3761 1
3769 9
3777 2
3788 9
3803 7
3808 1
3817 8
3821 7
3822 6
3829 3
3830 3
3839 0
3850 1
3857 4
3867 8
3886 0
3887 6
3889 8
3897 9
3904 8
3925 9
3926 0
3930 6
3963 6
3980 8
3998 3
4000 7
4012 3
4026 1
4045 0
4046 7
4052 1
4053 0
4062 3
4077 4
4106 9
4108 5
4116 9
4121 2
4141 5
4160 3
4164 1
4171 7
4174 9
4183 7
4196 5
4209 4
4223 4
4233 8
4242 4
4247 5
4268 9
4281 4
4288 1
4289 2
4308 2
4310 3
4312 0
4317 9
4326 3
4360 1
4376 1
4377 9
4378 5
4390 5
4399 8
4408 1
4418 2
4422 3
4428 7
4432 3
4434 4
4452 3
4482 8
4491 7
4498 5
4501 0
4505 0
4506 1
4509 0
4522 3
4526 3
4551 0
4555 5
4570 7
4580 6
4589 2
4610 0
4611 2
4628 7
4630 1
4636 2
4649 5
4654 6
4656 7
4658 8
4668 0
4673 7
4675 1
4678 2
4679 7
4692 5
4699 6
4708 5
4714 4
4722 6
4730 6
4733 3
4753 6
4756 9
4759 7
4765 5
4780 6
4783 4
4799 2
4800 2
4816 2
4850 3
4859 7
4869 4
4877 8
4879 3
4883 8
4923 5
4931 6
4934 1
4940 4
4944 1
4969 0
4994 4
5000 6
5002 8
5005 0
5027 2
5035 6
5037 2
5039 6
5050 1
5069 4
5082 4
5085 2
5088 0
5105 5
5151 4
5152 1
5181 4
5182 5
5187 7
5192 6
5221 6
5234 1
5240 0
5256 8
5267 2
5304 7
5308 8
5333 3
5339 2
5379 1
5381 8
5383 9
5393 0
5395 2
5402 2
5403 0
5413 4
5414 8
5423 4
5443 7
5448 6
5459 9
5462 4
5503 8
5524 4
5525 0
5541 9
5546 8
5592 3
5600 4
5607 8
5609 0
5613 8
5614 4
5686 1
5707 9
5710 1
5726 8
5739 1
5767 0
5771 7
5790 2
5794 1
5806 3
5807 5
5818 5
5827 2
5845 3
5851 5
5856 6
5859 3
5863 9
5877 1
5889 4
5890 4
5906 8
5914 6
5918 7
5941 3
5948 6
5959 3
5982 4
5989 2
6000 5
6010 6
6041 8
6060 9
6064 3
6077 4
6091 8
6093 7
6114 7
6137 3
6160 0
6177 2
6182 4
6183 2
6193 5
6207 3
6231 0
6232 0
6276 1
6286 8
6299 8
6307 0
6339 2
6341 6
6342 1
6364 8
6365 7
6369 9
6371 8
6381 5
6382 1
6411 2
6425 6
6444 4
6451 8
6459 9
6481 8
6487 0
6506 9
6518 6
6536 9
6544 7
6557 4
6559 3
6586 3
6590 9
6596 6
6604 7
6617 7
6632 8
6670 0
6690 6
6692 7
6705 7
6714 5
6715 3
6720 7
6724 4
6732 4
6734 7
6737 3
6751 4
6757 1
6770 3
6771 1
6781 2
6788 2
6801 6
6805 3
6821 4
6834 2
6857 0
6865 5
6868 1
6891 2
6903 1
6907 7
6912 5
6916 8
6931 8
6967 4
6986 1
6990 9
7003 7
7013 8
7050 6
7052 7
7065 9
7067 0
7085 5
7107 7
7119 7
7140 5
7143 4
7147 0
7155 4
7170 8
7171 8
7183 6
7213 4
7214 1
7233 9
7235 3
7244 2
7246 1
7251 1
7265 2
7268 6
7271 0
7274 3
7279 2
7291 6
7299 8
7306 9
7313 2
7344 7
7361 2
7365 8
7371 7
7374 8
7378 2
7383 8
7388 8
7426 2
7442 4
7444 1
7445 5
7448 8
7449 9
7450 5
7451 0
7478 2
7494 5
7499 0
7502 7
7510 9
7511 2
7518 1
7533 4
7534 8
7535 5
7540 2
7548 3
7571 9
7582 5
7601 3
7619 3
7621 9
7642 2
7654 4
7662 5
7666 8
7670 2
7674 7
7707 5
7727 6
7762 2
7768 9
7771 3
7829 9
7831 1
7836 9
7843 5
7855 1
7857 3
7877 6
7887 7
7911 6
7913 1
7920 1
7937 0
7965 9
7989 4
8016 5
8017 0
8064 2
8076 4
8078 3
8088 3
8101 1
8112 8
8120 5
8135 2
8137 2
8139 8
8148 2
8155 6
8157 9
8165 0
8172 8
8198 6
8211 0
8229 0
8239 7
8240 6
8244 5
8249 8
8251 5
8252 4
8309 8
8312 3
8330 7
8334 4
8355 8
8380 0
8385 6
8394 3
8398 9
8404 1
8410 7
8418 3
8424 4
8433 0
8434 9
8436 8
8443 3
8460 8
8464 1
8483 4
8489 7
8491 0
8496 4
8498 7
8508 2
8522 4
8545 4
8547 3
8553 9
8568 9
8571 2
8583 9
8605 1
8617 5
8635 8
8640 6
8644 1
8655 9
8678 7
8695 8
8706 6
8707 1
8708 0
8720 3
8739 7
8753 1
8797 6
8799 1
8804 2
8814 9
8819 1
8822 7
8828 4
8845 9
8848 4
8849 4
8859 7
8860 6
8881 6
8895 7
8908 9
8914 4
8923 9
8936 7
8947 5
8950 9
8962 0
8974 9
8983 7
9002 4
9008 2
9017 7
9034 0
9039 1
9043 3
9066 4
9077 7
9087 1
9094 2
9101 7
9110 2
9112 0
9116 8
9134 6
9139 1
9145 8
9161 8
9162 5
9165 5
9170 1
9178 4
9179 6
9186 2
9203 7
9217 1
9223 0
9232 9
9253 3
9258 8
9272 9
9280 9
9285 1
9288 0
9289 0
9295 3
9313 0
9319 6
9348 5
9364 6
9378 7
9396 1
