10
11 6
26 8
38 7
44 7
49 4
52 4
53 9
54 5
70 7
83 9
91 8
107 6
111 9
114 9
128 8
135 7
152 4
155 0
159 6
160 8
194 0
204 8
231 3
250 8
263 3
266 1
279 1
284 7
287 8
317 7
318 6
325 1
327 7
334 8
341 0
344 6
358 9
379 2
404 9
430 8
459 0
481 2
514 0
539 7
563 6
568 0
572 1
573 5
574 4
577 5
595 6
600 8
623 5
648 6
654 0
657 0
697 7
702 1
705 2
706 5
709 2
753 9
754 9
761 7
769 9
775 5
791 9
795 7
821 3
829 2
835 4
842 3
865 7
903 7
909 6
910 5
911 7
926 2
945 1
978 2
994 8
997 9
1000 1
1013 9
1015 1
1019 3
1026 4
1043 8
1059 0
1072 3
1073 4
1077 1
1079 0
1087 3
1101 0
1106 5
1124 7
1125 3
1131 9
1134 6
1136 2
1146 6
1148 0
1151 9
1164 6
1197 6
1226 7
1230 3
1239 4
1245 0
1251 6
1263 9
1267 6
1297 9
1301 3
1304 9
1328 3
1329 7
1333 6
1339 4
1343 8
1361 5
1380 4
1385 0
1397 3
1405 8
1416 6
1418 9
1423 4
1427 9
1428 1
1429 3
1434 4
1442 0
1448 4
1466 4
1468 5
1477 9
1478 4
1479 9
1498 7
1500 7
1510 4
1516 2
1518 9
1524 8
1525 2
1531 6
1534 9
1564 9
1567 1
1588 1
1617 4
1627 1
1635 3
1638 1
1642 8
1646 9
1651 9
1652 3
1690 5
1711 5
1737 8
1748 0
1753 0
1767 3
1782 8
1820 4
1830 8
1832 0
1837 2
1839 2
1888 0
1891 6
1893 5
1896 2
1898 0
1900 5
1902 7
1912 2
1923 3
1943 1
1949 9
1973 5
1993 3
2029 2
2042 5
2048 8
2052 7
2066 9
2074 9
2075 6
2078 9
2081 9
2083 0
2086 2
2091 6
2106 5
2109 2
2112 0
2117 7
2143 4
2148 9
2172 4
2174 8
2178 7
2186 9
2191 2
2194 7
2203 4
2220 0
2222 6
2226 2
2227 7
2231 6
2233 3
2237 6
2242 3
2249 9
2255 8
2256 0
2263 5
2269 7
2272 7
2308 0
2309 2
2313 7
2323 0
2324 6
2344 6
2351 7
2355 1
2369 0
2408 1
2418 3
2426 2
2433 2
2437 0
2438 2
2443 2
2454 6
2458 9
2460 8
2466 9
2470 4
2475 9
2479 1
2490 3
2495 5
2512 8
2514 9
2522 5
2530 6
2557 1
2574 6
2582 4
2585 6
2599 9
2606 7
2607 4
2626 0
2650 8
2662 2
2665 0
2666 2
2680 9
2690 9
2701 6
2737 2
2750 9
2757 0
2766 5
2770 5
2781 0
2783 1
2808 1
2828 0
2834 9
2835 7
2845 9
2849 6
2858 8
2874 8
2875 5
2902 8
2927 7
2930 1
2933 8
2941 5
2942 0
2944 9
2949 9
2960 8
2983 3
2986 5
2988 8
2993 2
3000 3
3002 2
3006 3
3015 1
3018 9
3019 5
3024 9
3043 0
3059 8
3067 8
3077 0
3080 4
3095 6
3097 4
3100 1
3109 7
3112 4
3113 7
3145 0
3148 8
3171 1
3189 9
3195 1
3207 6
3208 5
3214 0
3223 3
3230 8
3262 1
3287 2
3289 9
3313 4
3329 6
3334 1
3338 3
3353 1
3354 0
3359 4
3379 5
3390 0
3393 6
3414 4
3425 9
3430 8
3434 0
3447 5
3451 2
3458 7
3464 0
3470 4
3486 8
3492 4
3497 7
3523 0
3532 7
3539 6
3560 6
3593 3
3607 3
3624 8
3627 6
3628 7
3642 8
3646 4
3647 0
3681 0
3720 4
3737 5
3746 2
3750 3
3774 5
3779 0
3780 0
3797 1
3798 9
3840 4
3889 6
3900 7
3903 3
3915 3
3917 9
3934 5
3939 9
3947 5
3962 0
3971 9
3977 6
3989 6
3995 6
3998 2
3999 9
4005 0
4014 7
4018 8
4036 1
4038 9
4064 3
4079 8
4100 7
4106 7
4109 7
4111 3
4115 6
4127 0
4130 1
4157 3
4189 5
4190 2
4192 8
4197 3
4199 9
4203 6
4211 3
4229 4
4241 2
4253 6
4258 0
4265 2
4292 3
4301 1
4307 6
4308 7
4311 7
4312 1
4329 4
4331 4
4338 4
4347 3
4360 5
4375 8
4380 2
4392 2
4412 7
4436 0
4442 7
4446 0
4447 1
4470 6
4477 3
4482 7
4490 3
4491 3
4501 8
4507 1
4523 5
4527 1
4541 2
4546 0
4559 9
4571 4
4589 5
4601 7
4642 5
4650 3
4665 5
4698 3
4706 2
4707 2
4713 3
4739 6
4748 2
4754 4
4757 3
4762 0
4770 9
4792 6
4803 5
4811 0
4819 3
4823 6
4826 8
4831 6
4837 8
4838 2
4851 8
4863 4
4893 6
4926 3
4940 9
4952 4
4982 8
4990 0
5007 9
5010 9
5017 2
5043 9
5044 3
5057 1
5076 2
5084 6
5090 1
5104 3
5156 8
5160 3
5179 7
5181 1
5185 8
5190 3
5201 1
5213 8
5221 1
5229 3
5232 9
5241 2
5264 3
5297 7
5303 8
5310 5
5317 1
5327 0
5331 0
5332 4
5351 1
5360 2
5368 2
5370 8
5374 0
5379 2
5380 8
5416 9
5423 8
5425 1
5434 8
5445 0
5470 3
5495 8
5509 7
5524 0
5527 9
5543 7
5564 1
5568 8
5587 5
5588 6
