10
2 5
7 2
11 3
13 5
17 7
22 5
24 3
37 8
42 5
69 3
75 5
77 7
78 8
81 2
105 1
111 7
114 0
134 6
136 3
152 1
154 9
158 4
166 8
173 7
182 1
198 3
207 5
208 7
210 2
222 6
231 7
236 1
288 7
305 3
320 3
323 3
335 4
339 8
341 5
342 6
362 1
366 4
370 5
374 1
413 6
428 9
437 4
441 5
451 5
471 8
474 1
481 1
483 5
488 7
505 7
513 9
533 7
544 8
554 0
589 4
597 0
604 7
607 6
608 4
637 0
669 4
676 0
700 2
716 8
719 9
722 4
740 1
745 7
783 1
784 0
790 3
795 1
796 6
802 6
816 1
821 3
834 3
838 8
842 3
852 7
854 2
861 6
864 8
866 5
872 9
873 5
889 7
905 4
920 9
924 9
925 8
933 4
943 5
949 7
959 2
965 9
966 3
978 3
1021 3
1022 3
1072 2
1077 8
1088 8
1102 2
1137 7
1151 4
1163 1
1167 1
1180 5
1191 3
1198 6
1216 7
1230 6
1234 9
1266 8
1279 8
1282 9
1292 3
1306 8
1318 3
1333 8
1338 0
1344 5
1351 4
1357 8
1362 0
1365 8
1371 2
1375 2
1379 2
1399 4
1409 3
1412 4
1439 2
1445 4
1478 0
1493 7
1502 1
1512 2
1514 7
1520 9
1534 9
1547 8
1570 9
1575 9
1588 5
1589 6
1599 1
1601 7
1603 8
1641 0
1646 9
1673 7
1691 4
1713 5
1720 7
1722 8
1727 7
1732 4
1746 0
1752 1
1761 7
1776 3
1787 1
1823 1
1826 8
1827 6
1865 3
1874 4
1885 1
1886 7
1888 9
1899 4
1902 9
1905 2
1923 1
1924 6
1927 9
1937 2
1941 4
1955 9
1962 5
1977 3
1978 8
1979 6
1983 3
1984 6
1988 9
2008 5
2010 0
2012 2
2019 5
2022 8
2029 8
2030 7
2040 5
2041 9
2049 7
2051 1
2052 1
2068 9
2091 6
2100 0
2106 3
2118 1
2127 0
2128 3
2135 7
2146 0
2153 2
2155 8
2200 2
2215 6
2219 2
2220 7
2236 3
2247 8
2261 7
2265 6
2268 0
2274 7
2283 7
2290 4
2292 3
2299 4
2304 3
2326 8
2352 4
2353 1
2354 1
2368 2
2380 8
2387 0
2391 3
2396 6
2397 8
2430 8
2438 9
2439 5
2440 7
2458 7
2464 6
2465 9
2473 2
2477 6
2498 0
2501 5
2516 6
2517 0
2521 1
2527 5
2531 4
2544 4
2570 5
2597 4
2601 6
2607 5
2628 8
2632 1
2635 4
2645 0
2649 1
2655 2
2658 0
2661 0
2725 7
2736 3
2757 1
2759 4
2764 6
2774 2
2776 1
2783 4
2795 7
2801 9
2812 6
2831 2
2873 8
2877 6
2898 8
2913 4
2928 2
2931 8
2947 0
2953 7
2960 2
2961 7
2971 4
2979 9
2999 3
3009 0
3023 6
3036 9
3037 6
3045 8
3060 0
3065 6
3078 2
3088 8
3097 7
3099 7
3107 0
3114 1
3123 9
3152 8
3158 9
3164 1
3188 6
3217 2
3221 1
3222 6
3224 7
3229 9
3230 6
3235 9
3260 6
3274 2
3290 6
3292 6
3299 9
3329 4
3339 3
3366 9
3375 6
3390 4
3396 7
3400 6
3403 5
3404 0
3409 8
3421 6
3437 2
3444 7
3448 1
3454 0
3464 6
3488 2
3490 1
3492 7
3497 3
3507 0
3521 6
3531 1
3557 8
3606 0
3608 2
3636 9
3659 4
3660 1
3672 3
3690 3
3695 1
3698 9
3700 0
3776 6
3779 4
3783 3
3822 5
3823 2
3825 1
3829 3
3832 1
3840 4
3843 1
3854 4
3865 1
3893 2
3901 9
3933 6
3934 0
3945 1
3961 7
3964 7
3971 1
3974 3
3990 1
3993 9
4001 9
4006 1
4017 1
4035 3
4048 0
4061 5
4079 9
4081 7
4099 2
4115 7
4140 7
4162 7
4175 7
4182 3
4207 1
4218 1
4219 3
4221 3
4222 1
4226 4
4234 1
4240 4
4273 7
4279 5
4280 2
4281 3
4283 7
4298 9
4312 4
4321 4
4335 9
4336 9
4347 2
4348 5
4351 3
4352 4
4354 1
4359 4
4378 2
4390 8
4397 8
4407 2
4414 5
4432 3
4435 9
4448 5
4458 1
4461 7
