10
0 6
5 8
13 7
40 5
44 4
57 8
58 5
60 9
62 6
92 9
96 6
129 0
153 0
169 2
176 3
201 6
216 0
227 6
229 8
231 0
234 1
235 5
237 6
262 6
271 3
291 8
292 2
297 9
299 1
319 2
328 3
344 6
362 3
371 0
376 7
387 6
424 2
428 8
451 6
458 4
474 9
499 7
531 8
534 4
547 3
554 1
560 2
562 1
575 7
596 2
604 9
613 5
644 7
668 6
682 0
697 4
707 7
711 8
716 6
739 4
740 5
744 1
746 9
763 0
805 0
811 3
814 1
815 5
817 7
832 2
842 1
850 5
851 3
854 2
869 3
883 7
888 5
889 2
897 0
918 3
940 6
942 0
949 0
950 9
951 4
959 1
974 8
992 2
1000 3
1008 3
1017 9
1072 4
1094 8
1096 6
1111 9
1171 9
1174 3
1179 5
1183 5
1192 9
1201 3
1221 5
1247 6
1264 5
1288 2
1289 0
1297 2
1322 1
1324 0
1340 7
1344 8
1350 1
1352 3
1362 3
1390 3
1405 1
1409 9
1410 6
1423 1
1455 5
1462 3
1464 9
1465 6
1480 6
1481 6
1485 1
1500 2
1528 1
1571 9
1575 6
1584 4
1592 0
1593 5
1596 8
1603 6
1605 2
1606 8
1609 7
1614 5
1621 4
1623 3
1632 9
1648 0
1656 9
1668 0
1669 0
1675 2
1684 9
1685 0
1688 6
1699 2
1705 6
1709 4
1711 6
1738 2
1745 5
1755 5
1768 7
1769 2
1775 7
1787 4
1796 7
1798 0
1805 8
1817 7
1836 4
1838 9
1851 7
1867 6
1895 5
1899 0
1901 3
1904 3
1929 1
1936 7
1982 0
1991 5
2001 2
2002 6
2004 1
2006 9
2007 3
2023 9
2031 8
2034 3
2044 1
2046 4
2050 8
2052 7
2060 3
2073 8
2089 5
2097 5
2105 9
2111 5
2138 4
2155 8
2192 9
2196 1
2208 3
2224 5
2225 4
2255 2
2257 3
2262 9
2292 2
2294 0
2296 7
2312 2
2319 9
2321 0
2323 9
2328 2
2338 4
2340 6
2348 9
2350 6
2357 5
2382 0
2392 7
2398 0
2404 3
2425 7
2437 2
2438 5
2444 4
2446 0
2448 2
2454 4
2458 4
2467 5
2481 9
2484 3
2490 6
2498 6
2501 3
2536 0
2543 2
2554 6
2555 8
2556 9
2559 7
2562 6
2582 1
2584 0
2592 1
2637 4
2650 5
2653 4
2659 0
2664 4
2670 1
2689 7
2712 0
2716 1
2725 1
2731 7
2747 6
2749 8
2797 9
2823 8
2846 5
2863 2
2879 9
2884 8
2893 0
2897 9
2900 3
2912 5
2922 1
2927 5
2928 9
2940 9
2954 7
2957 5
2965 6
2966 9
2974 2
2979 5
2991 1
3002 0
3006 9
3012 2
3016 4
3040 3
3043 2
3044 9
3055 8
3058 5
3061 7
3081 8
3105 0
3106 4
3139 3
3140 3
3143 3
3145 9
3152 9
3165 3
3180 2
3187 1
3191 2
3202 0
3206 2
3210 9
3224 2
3227 4
3253 4
3294 7
3301 5
3304 9
3340 1
3349 1
3356 2
3360 6
3361 3
3368 9
3369 6
3372 1
3395 1
3401 0
3406 0
3411 9
3446 7
3466 5
3471 5
3483 4
3503 7
3513 6
3516 8
3527 7
3528 8
3546 0
3561 2
3576 7
3581 8
3599 1
3603 8
3633 7
3639 1
3646 4
3657 1
3669 4
3682 2
3683 2
3696 2
3709 7
3712 9
3725 4
3737 4
3746 5
3760 6
3781 0
3786 2
3791 9
3792 8
3797 3
3804 2
3807 3
3825 3
3838 4
3856 5
3862 8
3864 0
3869 6
3870 4
3874 0
3883 3
3888 8
3891 6
3910 0
3917 3
3927 7
3931 7
3933 7
3939 9
3942 6
3947 9
3963 2
3965 9
3967 1
3968 9
3974 2
3984 7
3988 7
3989 0
3991 3
4006 0
4008 9
4015 3
4020 4
4035 2
4043 0
4059 1
4081 9
4087 6
4102 1
4106 1
4114 6
4123 5
4130 8
4137 9
4142 9
4147 5
4149 4
4150 3
4152 0
4158 4
4172 4
4181 0
4184 6
4186 8
4220 2
4232 8
4238 4
4240 2
4243 0
4257 3
4262 5
4269 8
4285 0
4293 5
4296 8
4303 4
4350 2
4353 4
4358 2
4363 0
4402 9
4412 9
4414 9
4424 0
4449 4
4468 0
4479 1
4504 8
4514 7
4524 0
4532 6
4552 8
4564 3
4593 3
4599 2
4605 4
4606 0
4612 5
4654 1
4655 5
4659 4
4665 8
4670 8
4679 2
4713 0
4716 3
4719 7
4722 7
4727 0
4730 2
4738 9
4774 1
4778 9
4779 8
4782 2
4784 4
4792 0
4813 6
4818 9
4832 1
4842 5
4871 0
4875 4
4884 5
4888 6
4892 3
4897 9
4904 8
4914 9
4933 1
4936 6
4941 0
4972 6
4974 5
4978 6
4982 3
4989 9
4998 1
4999 0
5000 0
5009 2
5018 6
5048 8
5053 4
5055 5
5066 6
5081 5
5106 6
5109 5
5112 3
5113 6
5124 6
5130 1
5146 0
5184 9
5197 5
5205 9
5206 0
5220 8
5236 2
5251 7
5259 5
5267 8
5274 5
5286 8
5288 6
5316 9
5328 9
5344 8
5352 1
5353 3
5366 5
5376 9
5378 1
5381 8
5388 2
5392 6
5401 2
5414 3
5429 7
5433 4
5442 9
5476 5
5481 5
5487 5
5504 2
5520 9
5532 9
5534 5
5559 6
5602 1
5608 2
5610 5
5616 6
5627 9
5657 2
5662 6
5668 0
5670 1
5675 8
5684 5
5691 6
5708 4
5717 3
5736 8
5739 3
5761 9
5764 4
5770 5
5783 9
5789 7
5790 3
5805 4
5809 6
5814 2
5818 7
5838 0
5843 8
5846 0
5873 7
5875 3
5882 0
5895 0
5906 0
5914 1
5922 8
5924 7
5927 2
5931 5
5962 0
5977 7
5985 1
5996 0
5997 5
6004 3
6012 4
6015 3
6016 1
6018 9
6022 1
6070 9
6091 4
6094 1
6097 6
6125 3
6140 5
6153 0
6166 6
6168 8
6171 5
6204 4
6205 0
6222 4
6250 7
6251 2
6283 6
6287 4
6302 9
6311 7
6343 6
6356 9
6386 6
6392 6
6401 3
6423 4
6430 4
6433 0
6449 3
6460 6
6467 9
6487 6
6489 8
6499 7
6503 9
6525 6
6527 9
6551 1
6554 6
6575 6
6577 8
6583 0
6584 0
6586 6
6587 2
6593 4
6599 4
6601 3
6618 2
6626 7
6630 3
6651 6
6662 4
6669 4
6686 4
6723 4
6730 5
6734 2
6738 4
6761 5
6779 7
6789 9
6793 8
6801 5
6804 6
6809 4
6817 2
6823 5
6831 6
6840 3
6841 9
6842 2
6869 6
6893 5
6918 9
6919 6
6930 4
6932 6
6935 5
6947 5
6951 8
6956 2
6969 3
6971 5
6976 8
6979 7
7024 4
7036 3
7046 8
7056 2
7069 4
7077 2
7083 3
7100 6
7101 6
7115 1
7117 4
7130 6
7131 4
7133 0
7137 7
7145 5
7148 4
7156 8
7167 1
7173 6
7183 8
7186 4
7190 8
7191 3
7205 7
7209 5
7215 1
7216 1
7230 7
7236 0
7240 2
7262 9
7272 6
7274 0
7307 7
7346 9
7350 0
7357 3
7378 9
7381 1
7384 2
7397 5
7416 4
7434 2
7454 4
7470 4
7482 2
7487 9
7534 5
7538 7
7560 3
7562 8
7575 2
7576 6
7602 1
7604 4
7608 8
7614 9
7622 9
7628 7
7636 0
7646 1
7651 5
7657 1
7663 0
7665 6
7707 6
7720 2
7731 4
7752 0
7758 3
7763 4
7787 4
7799 7
7808 7
7819 9
7821 1
7828 8
7842 9
7845 3
7848 2
7859 2
7878 9
7883 7
7884 8
7885 5
7887 8
7893 9
7898 2
7900 9
7903 6
7906 0
7921 3
7922 7
7949 2
7966 9
7988 4
8017 8
8019 0
8033 4
8036 7
8038 5
8041 3
8051 9
8085 0
8105 8
8128 0
8135 7
8142 5
8159 6
8162 7
8167 0
8176 2
8191 6
8192 3
8214 5
8224 1
8238 9
8247 3
8249 2
8260 0
8274 9
8280 6
8289 8
8297 9
8299 1
8312 1
8315 4
8316 5
8328 6
8346 2
8357 9
8368 8
8372 4
8374 1
8378 7
8383 6
8384 7
8389 8
8411 8
8418 9
8420 2
8423 7
8434 8
8435 7
8443 4
8456 8
8458 4
8459 9
8464 2
8495 6
8496 1
8507 8
8526 6
8529 6
8537 0
8548 6
8559 4
8584 5
8587 2
8591 9
8592 6
8597 2
8599 8
8624 0
8646 1
8673 1
8677 1
8685 1
8690 1
8711 7
8718 7
8751 7
8756 4
8774 2
8780 4
8793 6
8799 5
8804 0
8820 3
8843 3
8854 0
8858 1
8875 5
8905 2
8928 5
8936 6
8937 2
8948 5
8957 1
8967 0
8995 0
9013 9
9032 9
9033 9
9045 5
9052 4
9083 3
