10
2 0
19 7
28 4
41 5
54 2
60 5
77 0
81 8
90 5
92 9
113 1
120 4
148 1
154 4
163 8
172 4
174 3
187 8
207 1
228 5
240 2
242 9
251 8
268 5
279 4
286 9
291 1
298 0
300 8
310 5
316 5
327 0
363 1
379 2
386 2
429 8
448 3
450 2
473 3
487 0
497 5
518 6
520 6
539 5
551 1
552 5
554 2
569 8
570 9
572 4
584 1
594 7
599 4
609 6
614 7
623 6
636 5
637 5
640 3
641 6
658 8
662 4
670 0
673 8
679 9
707 6
722 4
726 0
727 1
728 7
746 9
754 7
769 6
789 5
797 6
804 4
806 5
819 3
837 6
851 2
891 5
901 8
905 5
924 5
960 3
963 9
967 5
975 6
982 6
1007 5
1027 5
1038 1
1040 9
1051 2
1067 1
1074 9
1097 8
1107 8
1128 3
1129 9
1133 0
1145 2
1150 2
1164 8
1166 3
1176 1
1182 0
1185 6
1205 7
1221 8
1226 0
1237 4
1239 6
1241 9
1243 1
1252 9
1261 8
1262 4
1266 5
1269 8
1285 0
1289 6
1292 7
1296 9
1304 6
1316 7
1326 7
1341 3
1348 6
1350 5
1359 5
1365 7
1396 3
1411 5
1418 5
1428 7
1429 8
1448 3
1481 1
1505 9
1510 5
1543 6
1544 4
1550 6
1563 4
1590 9
1603 6
1617 4
1629 3
1636 0
1637 1
1639 6
1645 9
1655 7
1671 1
1685 2
1701 3
1719 6
1809 4
1820 7
1822 9
1828 9
1831 0
1870 4
1875 2
1879 9
1882 9
1907 3
1911 2
1913 7
1918 5
1927 3
1931 8
1959 1
1962 2
1971 3
1975 4
1986 4
2015 3
2025 7
2027 5
2028 8
2029 1
2033 7
2072 2
2075 3
2091 8
2104 6
2121 2
2151 1
2155 8
2181 9
2182 6
2185 9
2200 9
2205 7
2217 6
2239 9
2248 2
2283 5
2297 9
2305 1
2307 4
2311 2
2316 6
2320 3
2337 5
2339 8
2343 1
2346 6
2350 5
2356 9
2362 9
2380 8
2386 8
2387 7
2391 3
2396 3
2415 0
2455 8
2461 3
2483 5
2493 3
2509 6
2511 4
2513 0
2520 6
2532 1
2536 7
2541 3
2542 2
2552 5
2553 8
2555 9
2558 6
2566 6
2568 2
2569 3
2576 2
2584 4
2593 6
2608 8
2612 4
2624 1
2629 6
2639 3
2642 8
2652 4
2661 7
2665 0
2666 1
2676 4
2694 2
2713 1
2728 0
2735 2
2747 6
2765 1
2779 2
2784 2
2797 3
2810 6
2813 6
2816 2
2824 8
2833 8
2836 3
2843 1
2851 6
2863 1
2865 8
2884 9
2893 9
2905 5
2912 0
2915 4
2923 8
2924 0
2931 1
2942 9
2944 3
2947 1
2954 7
2965 8
2974 4
2976 3
2992 3
2997 7
3002 7
3012 7
3023 6
3037 5
3054 8
3070 8
3071 2
3082 4
3093 5
3096 0
3134 3
3143 1
3167 2
3176 5
3184 0
3226 8
3230 1
3263 6
3290 7
3296 2
3320 8
3329 0
3331 7
3338 2
3341 6
3354 0
3374 1
3376 2
3389 1
3393 7
3424 5
3427 4
3432 4
3440 5
3456 7
3458 4
3461 2
3463 0
3465 2
3476 5
3478 9
3490 2
3492 3
3497 1
3514 7
3516 3
3521 1
3523 7
3542 7
3546 5
3547 6
3553 9
3562 0
3564 4
3575 9
3580 4
3589 2
3592 0
