10
11 5
20 2
26 7
37 7
52 0
61 5
70 1
72 4
82 5
87 8
97 6
122 3
133 8
142 9
146 8
199 6
201 3
205 9
207 3
222 8
229 3
258 5
263 4
265 2
269 3
284 8
296 8
304 3
305 7
306 2
308 3
314 2
319 3
331 6
333 0
335 6
337 3
352 6
375 6
385 7
398 5
400 8
413 6
428 0
433 2
438 1
447 0
455 4
459 3
460 1
472 3
482 0
492 0
528 3
544 1
545 6
552 5
569 5
571 5
585 2
587 7
588 8
590 5
591 9
594 4
604 8
606 1
614 5
645 3
661 3
674 6
681 3
691 6
721 0
724 5
729 0
731 9
743 1
770 6
775 2
780 3
801 5
822 5
825 3
855 7
859 8
863 9
882 9
896 8
906 9
911 9
916 3
919 5
921 2
928 0
933 3
938 4
942 9
966 7
981 2
985 3
995 5
1025 8
1026 0
1028 9
1031 2
1036 2
1077 1
1083 2
1094 7
1138 7
1150 7
1154 5
1160 4
1164 7
1180 9
1195 6
1207 7
1234 2
1237 8
1264 6
1291 7
1294 4
1298 7
1303 0
1309 1
1318 7
1325 8
1352 8
1364 8
1376 6
1378 4
1398 0
1400 3
1409 1
1422 3
1436 4
1458 0
1460 8
1462 2
1467 6
1470 4
1471 6
1484 0
1487 2
1491 4
1508 5
1522 6
1527 3
1535 6
1536 0
1541 4
1543 4
1552 3
1570 4
1584 8
1600 2
1604 0
1621 2
1625 4
1628 1
1649 5
1657 8
1672 5
1679 5
1686 3
1691 3
1713 0
1717 9
1718 7
1722 6
1728 9
1732 5
1741 2
1743 6
1752 3
1757 8
1758 3
1763 7
1774 4
1787 0
1788 7
1790 6
1804 6
1805 4
1807 8
1809 7
1828 7
1839 0
1855 1
1858 9
1877 3
1879 2
1893 4
1896 3
1899 7
1931 4
1938 1
1953 9
1961 7
1962 6
1996 0
2009 9
2014 3
2043 7
2050 8
2052 3
2055 8
2057 4
2058 8
2063 6
2075 1
2080 7
2116 0
2119 1
2121 7
2167 8
2190 4
2197 0
2199 1
2205 5
2239 9
2242 7
2245 4
2305 3
2306 6
2307 0
2324 1
2333 7
2346 6
2348 8
2373 1
2387 8
2413 0
2417 8
2418 7
2440 9
2447 6
2450 4
2457 2
2499 2
2518 5
2521 7
2538 0
2560 0
2561 9
2563 3
2571 5
2572 5
2579 9
2582 8
2584 1
2600 9
2602 7
2603 5
2611 2
2612 5
2621 1
2622 3
2641 0
2648 2
2650 4
2681 0
2704 9
2710 6
2712 6
2719 3
2727 3
2741 8
2756 3
2761 6
2775 6
2783 9
2799 2
2802 4
2817 1
2835 8
2837 8
2839 9
2853 5
2873 2
2897 1
2907 9
2918 8
2937 8
2943 1
2967 1
2974 6
2983 3
2990 3
2992 2
3000 7
3003 3
3024 3
3027 3
3030 4
3032 3
3049 5
3053 1
3068 8
3073 3
3078 0
3091 2
3092 7
3146 9
3167 6
3172 5
3173 7
3181 9
3194 1
3212 4
3229 8
3233 9
3237 6
3252 4
3280 7
3287 1
3295 8
3300 5
3310 3
3318 0
3319 2
3328 5
3350 5
3353 4
3355 3
3356 0
3357 2
3365 1
3369 5
3371 3
3398 5
3399 3
3409 6
3455 4
3458 9
3471 8
3473 6
3482 2
3494 9
3503 1
3525 1
3547 5
3571 3
3579 6
3592 7
3596 5
3612 4
3622 9
3640 9
3669 7
3682 0
3697 2
3707 6
3710 3
3719 2
3743 6
3775 2
3778 9
3792 5
3831 3
3837 3
3862 6
3879 6
3889 3
3896 3
3921 9
3933 0
3940 0
3943 1
3958 4
3969 5
3975 7
3982 1
3987 8
3994 8
3999 1
4006 3
4021 6
4029 0
4063 5
4069 1
4087 9
4100 7
4107 4
4119 6
4121 6
4130 9
4134 7
4139 2
4188 9
4221 5
4229 3
4249 7
4250 0
4292 5
4300 0
4303 4
4323 7
4325 1
4335 0
4349 2
4351 2
4358 1
4365 9
4366 1
4393 8
4401 4
4422 0
4441 4
4446 1
4456 5
4457 3
4461 4
4470 3
4476 6
4486 9
4495 0
4507 4
4514 7
4527 7
4547 8
4563 2
4579 1
4581 4
4584 2
4598 1
4604 8
4618 9
4638 9
4640 7
4642 0
4647 3
4666 6
4701 8
4710 4
4720 4
4726 6
4755 0
4758 7
4766 4
4780 7
4786 2
4800 1
4828 3
4834 4
4840 4
4842 4
4846 5
4862 4
4868 7
4878 6
4880 2
4890 6
4899 0
4903 1
4917 1
4932 6
4949 2
4967 9
4976 6
4978 0
4981 6
4991 9
5002 7
5011 0
5015 3
5020 5
5032 0
5033 7
5037 0
5048 5
5062 3
5063 4
5090 9
5097 5
5099 5
5103 8
5106 4
5111 3
5116 7
5152 2
5164 3
5170 9
5177 5
5185 1
5201 0
5213 1
5225 6
5238 9
5258 3
5265 0
5273 1
5283 5
5286 9
5288 1
5298 3
5312 9
5324 7
5325 3
5330 9
5347 8
5349 7
5353 7
5357 2
5391 8
5439 2
5447 1
5451 8
5462 6
5472 7
5473 2
5477 8
5486 1
5512 0
5542 0
5544 5
5557 4
5568 8
5574 4
5578 6
5590 4
5611 7
5624 2
5630 3
5632 7
5636 1
5641 3
5665 5
5681 2
5694 4
5701 2
5707 6
5718 8
5729 8
5765 6
5766 0
5769 0
5775 9
5797 5
5805 3
5810 8
5812 7
5823 5
5829 6
5831 2
5834 3
5836 5
5856 6
5860 7
5881 5
5889 8
5903 9
5910 4
5914 1
5918 3
5921 9
5938 9
5953 5
5955 9
5968 1
5974 9
5976 9
5984 1
6004 0
6012 3
6014 7
6019 2
6029 0
6034 3
6035 3
6036 9
6045 7
6051 1
6062 6
6066 3
6067 4
6071 8
6072 9
6075 6
6086 1
6105 7
6113 7
6114 6
6128 3
6132 4
6135 9
6158 1
6164 6
6170 7
6186 1
6193 7
6206 7
6212 7
6215 1
6220 5
6221 4
6222 8
6246 8
6281 3
6299 1
6311 8
6332 7
6349 7
6352 5
6403 3
6404 5
6408 2
6411 7
6440 3
6450 6
6468 4
6495 6
6504 3
6506 0
6514 7
6534 3
6541 9
6546 5
6547 8
6551 2
6568 3
6571 4
6584 6
6586 4
6593 7
6605 3
6609 6
6615 6
6623 2
6628 9
6636 0
6640 9
6651 9
6669 3
6682 6
6683 5
6703 7
6712 6
6724 9
6727 2
6740 7
6748 3
6757 9
6773 5
6790 9
6794 5
6811 4
6819 3
6836 1
6840 2
6848 7
6850 0
6852 2
6859 2
6871 0
6879 5
6885 4
6901 1
6905 9
6918 3
6927 6
6931 2
6938 3
6950 1
6965 1
6975 0
6984 8
6990 7
6991 5
7023 7
7031 4
7046 8
7053 1
7072 7
7075 8
7076 1
7097 8
7134 0
7149 0
7154 9
7170 9
7182 4
7185 0
7191 1
7208 5
7221 6
7224 7
7237 8
7245 7
7247 5
7249 0
7264 4
7269 0
7273 4
7277 4
7278 4
7298 5
7299 7
7301 6
7304 5
7330 8
7364 2
7373 4
7396 0
7405 8
7441 9
7447 8
7462 6
7467 2
7472 5
7473 0
7475 2
7492 7
7496 4
7503 4
7518 2
7538 7
7553 4
7601 8
7605 1
7606 9
7631 0
7639 8
7642 6
7667 3
7673 9
7689 1
7695 3
7698 6
7722 0
7727 9
7732 8
7744 4
7746 5
7749 2
7751 7
7753 7
7762 4
7768 3
7777 4
7794 1
7811 1
7815 8
7820 4
7831 6
7835 4
7840 5
7841 3
7842 0
7850 0
7851 9
7858 2
7888 1
7890 9
7901 9
7907 6
7911 1
7913 0
7924 7
7930 2
7957 4
7958 1
7970 7
7985 4
7988 1
7994 5
8025 5
8041 0
8057 6
8077 2
8088 9
8093 1
8103 5
8108 7
8135 7
8139 2
8171 1
8187 7
8190 5
8195 8
8237 2
8253 6
8255 8
8256 5
8272 7
8290 7
8292 9
8312 3
8322 4
8337 1
8344 6
8359 6
8368 8
8369 6
8377 2
8390 3
8418 8
8422 4
8429 7
8446 7
8462 5
8469 8
8485 4
8487 0
8501 5
8514 4
8523 6
8524 9
8531 1
8534 6
8551 8
8560 7
8585 5
8599 3
8605 3
8638 0
8648 3
8661 9
8667 7
8672 2
8698 2
8700 8
8710 7
8733 9
8734 5
8738 5
8747 8
8752 2
8755 6
8758 7
8773 5
8777 1
8790 2
8801 4
8803 0
8822 7
8829 1
8837 1
8867 4
8877 4
8887 5
8923 9
8926 2
8934 2
8936 2
8941 9
8946 8
8947 5
8951 1
8965 2
8967 9
8973 6
8997 5
9002 8
9005 1
9028 7
9029 9
9044 0
9068 9
9111 1
9120 9
9124 3
9137 4
9181 5
9203 2
9208 8
9214 2
9215 3
9223 6
9266 2
9289 7
9294 2
9298 1
9299 8
9310 7
9315 6
9319 2
9321 2
9331 6
9346 4
9362 8
9363 9
9366 2
9399 5
9400 6
9405 8
9407 1
9430 9
9438 3
9449 0
9452 9
9458 1
9461 4
9474 5
9487 9
9496 6
9500 8
9518 7
9524 2
9525 2
9527 2
9540 3
9541 8
9584 8
