10
7 0
41 6
52 8
56 8
60 1
84 9
94 4
107 1
110 9
142 0
145 1
152 9
154 0
162 5
164 4
169 7
172 9
173 7
177 0
228 4
237 1
240 8
256 2
260 2
261 2
275 8
282 6
288 2
300 6
318 3
320 4
332 1
349 3
361 8
363 0
391 4
396 2
414 6
421 1
453 7
499 4
505 3
515 9
518 3
522 3
547 5
566 7
597 9
603 9
621 6
630 4
634 3
637 2
638 2
643 0
648 2
649 8
658 2
685 1
706 7
716 7
722 8
725 3
738 1
741 1
745 5
755 9
758 6
800 9
812 5
828 7
835 1
837 0
861 0
872 4
881 1
886 8
907 7
911 8
917 9
921 0
925 7
932 6
935 1
938 9
963 9
983 9
988 9
1000 0
1005 8
1007 6
1028 5
1044 9
1063 9
1071 7
1073 8
1084 2
1094 3
1099 0
1100 8
1117 2
1121 4
1134 5
1146 4
1168 0
1180 8
1202 9
1203 9
1211 7
1223 9
1269 6
1273 5
1280 5
1283 2
1289 5
1298 5
1304 3
1326 8
1332 9
1338 8
1341 7
1371 2
1376 7
1377 1
1379 6
1391 5
1408 0
1449 3
1468 0
1471 1
1481 8
1482 7
1501 7
1504 5
1519 9
1523 6
1536 1
1539 6
1548 0
1581 1
1585 8
1588 8
1598 6
1607 2
1616 3
1633 7
1644 7
1665 6
1668 5
1692 4
1694 0
1700 5
1703 7
1763 6
1764 9
1786 9
1788 3
1795 1
1805 8
1809 0
1816 1
1826 2
1827 3
1829 9
1839 0
1851 3
1855 1
1858 2
1908 5
1912 6
1915 3
1920 0
1948 9
1951 2
1960 9
1966 8
1968 9
1978 1
1986 1
1995 7
2012 6
2022 7
2037 8
2051 0
2057 7
2065 3
2067 4
2075 4
2092 9
2109 5
2121 8
2133 7
2151 2
2170 6
2172 6
2173 0
2178 9
2186 8
2191 4
2211 7
2214 3
2216 0
2239 0
2241 1
2272 1
2274 0
2279 9
2290 6
2292 2
2311 5
2317 2
2341 4
2347 1
2359 0
2365 1
2379 8
2387 8
2390 3
2396 9
2403 4
2417 6
2421 5
2422 1
2429 2
2451 2
2465 0
2478 4
2483 4
2486 8
2499 1
2521 8
2539 1
2555 7
2558 2
2571 2
2611 1
2626 0
2627 2
2642 7
2654 7
2658 5
2660 0
2668 7
2669 0
2711 8
2715 8
2723 2
2736 7
2743 3
2764 0
2770 1
2786 2
2789 1
2814 2
2819 1
2827 8
2829 1
2850 0
2852 8
2867 8
2872 4
2873 0
2899 9
2901 2
2911 3
2915 1
2916 1
2917 4
2931 9
2938 7
2944 2
2956 4
2973 2
2975 0
2979 3
2980 0
3015 4
3035 0
3036 8
3038 5
3084 9
3085 2
3089 8
3091 9
3107 7
3123 9
3124 7
3129 0
3134 8
3139 2
3150 7
3154 4
3160 1
3161 9
3165 3
3170 8
3171 0
3190 5
3209 8
3213 1
3219 1
3236 7
3240 1
3244 9
3259 7
3262 7
3270 8
3278 4
3284 9
3332 3
3343 4
3348 8
3350 2
3365 6
3370 7
3374 7
3380 5
3384 5
3388 8
3401 6
3429 5
3440 3
3446 6
3461 8
3464 1
3474 1
3490 5
3491 9
3500 5
3523 9
3526 1
3528 9
3530 7
3534 7
3536 9
3542 9
3554 7
3568 1
3577 9
3579 4
3584 1
3588 8
3602 0
3608 4
3612 8
3616 6
3634 9
3651 2
3655 1
3663 1
3680 1
3695 0
3699 0
