10
0 5
7 1
8 7
16 9
18 1
35 8
37 3
48 1
65 7
77 7
80 5
92 5
98 4
102 6
112 8
118 6
134 9
152 9
154 9
158 2
161 7
202 6
213 5
218 1
227 7
249 6
268 0
272 3
277 7
278 2
283 2
291 6
301 9
319 3
326 4
328 7
336 5
342 7
350 8
377 1
378 0
382 8
448 6
453 0
454 6
457 6
472 7
474 5
479 6
496 1
500 2
522 5
526 6
538 6
543 6
547 5
550 6
562 9
596 4
602 2
609 4
612 1
624 6
629 0
639 2
649 8
651 1
655 8
670 8
675 3
677 5
678 4
696 4
699 9
703 4
704 3
726 1
728 4
738 4
739 8
746 2
748 0
753 6
775 4
805 6
826 7
829 1
835 4
837 2
855 1
871 9
920 4
932 6
943 8
949 2
952 3
955 8
960 8
980 0
986 9
994 0
1001 1
1019 2
1024 4
1057 4
1073 4
1091 8
1098 6
1099 2
1102 1
1108 0
1116 1
1120 7
1126 5
1141 8
1169 8
1202 3
1206 5
1210 0
1214 8
1225 8
1232 6
1252 8
1267 5
1273 0
1275 7
1281 1
1290 6
1313 8
1316 1
1322 3
1339 1
1342 6
1357 0
1362 6
1368 2
1370 1
1371 0
1380 8
1412 4
1429 0
1439 5
1468 5
1501 4
1502 2
1511 3
1527 1
1529 8
1535 4
1567 9
1580 3
1581 5
1582 1
1593 8
1608 8
1611 8
1628 3
1646 2
1647 8
1657 2
1669 2
1684 1
1699 7
1709 2
1711 0
1721 2
1743 5
1750 6
1759 3
1763 4
1777 4
1785 7
1794 7
1802 6
1823 5
1829 3
1841 6
1863 2
1868 3
1920 8
1936 6
1944 6
1946 7
1953 0
1954 2
1959 8
1962 3
1973 3
1977 0
1982 2
1992 0
2000 9
2008 5
2009 5
2053 0
2069 6
2071 8
2081 5
2088 6
2093 9
2095 6
2101 5
2102 3
2105 1
2109 0
2110 8
2124 2
2139 5
2149 9
2192 8
2199 5
2212 6
2226 0
2227 1
2259 4
2262 0
2272 7
2322 2
2335 0
2336 1
2349 0
2364 7
2366 3
2373 4
2376 6
2380 9
2387 7
2395 4
2397 4
2403 8
2411 5
2421 5
2430 8
2432 0
2443 3
2500 4
2504 8
2507 6
2508 0
2516 8
2523 8
2547 1
2554 3
2559 1
2579 5
2584 4
2593 2
2605 3
2607 4
2612 5
2616 9
2641 8
2645 6
2659 4
2703 6
2714 2
2718 9
2731 6
2732 5
2741 1
2761 0
2769 5
2773 9
2794 7
2799 6
2812 7
2821 3
2824 3
2837 7
2850 6
2860 6
2861 7
2872 2
2896 7
2902 0
2908 7
2926 2
2934 7
2941 8
2965 4
2971 5
2972 3
2982 9
2984 8
2989 2
3007 8
3011 7
3018 1
3028 2
3045 4
3051 9
3055 4
3067 0
3087 9
3098 9
3105 1
3127 7
3146 8
3154 7
3158 0
3170 7
3173 0
3181 8
3189 2
3190 1
3216 8
3236 7
3237 8
3253 8
3267 1
3276 0
3286 3
3305 5
3311 5
3342 1
3355 9
3358 2
3372 8
3373 3
3377 3
3400 4
3406 0
3411 3
3418 6
3422 2
3435 7
3443 3
3452 5
3474 9
3476 5
3477 7
3499 1
3531 6
3536 2
3540 3
3549 3
3568 0
3574 0
3578 5
3591 1
3593 4
3600 5
3621 1
3627 5
3636 7
3652 8
3677 8
3699 8
3705 1
3710 7
3717 9
3725 8
3750 4
3758 9
3761 1
3767 1
3789 2
3816 2
3822 0
3829 1
3835 9
3843 7
3852 3
3865 1
3887 6
3890 1
3904 1
3924 7
3925 3
3943 8
3954 5
3971 9
3982 5
3994 6
4012 4
4015 4
4017 2
4019 8
4021 4
4022 8
4085 3
4088 0
4095 8
4096 9
4113 9
4129 9
4132 3
4148 1
4169 1
4170 3
4180 6
4183 0
4197 6
4210 2
4215 2
4216 5
4220 0
4226 2
4243 0
4244 1
4248 2
4253 4
4298 9
4313 8
4316 2
4320 3
4321 3
4326 1
4328 9
4365 2
4366 6
4371 2
4373 3
4376 8
4396 3
4400 5
4418 8
4421 8
4429 9
4438 0
4439 6
4450 8
4477 2
4495 0
4510 5
4513 7
4515 1
4523 5
4524 7
4530 8
4532 9
4552 9
4578 8
4586 6
4605 5
4614 0
4632 7
4648 7
4683 8
4686 2
4694 6
4702 5
4710 8
4732 0
4741 5
4751 5
4790 9
4797 5
4801 6
4805 0
4811 8
4826 6
4838 4
4843 0
4850 2
4852 5
4854 4
4860 2
4861 3
4864 2
4865 8
4870 7
4889 6
4892 9
4906 5
4908 8
4910 6
4914 3
4921 6
4927 6
4941 6
4944 7
4949 9
4991 1
4995 7
4996 3
4999 8
5008 1
5011 6
5018 7
5024 7
5026 1
5035 0
5036 2
5044 1
5046 5
5080 7
5087 3
5098 8
5112 3
5115 4
5119 1
5148 3
5149 4
5155 7
5157 9
5159 6
5161 0
5178 2
5191 8
5193 6
5201 0
5220 9
5227 2
5236 4
5239 8
5241 8
5249 2
5279 3
5294 4
5297 0
5305 4
5314 1
5322 7
5327 8
5360 6
5376 8
5379 7
5380 9
5381 6
5402 1
5414 5
5427 1
5473 5
5494 9
5519 3
5520 1
5527 5
5539 4
5541 8
5550 4
5556 5
5575 4
5585 4
5597 5
5606 0
5607 8
5619 9
5632 7
5645 9
5649 2
5666 9
5669 3
5673 2
5683 3
5698 9
5704 8
5711 7
5714 7
5719 5
5737 8
5742 4
5746 6
5747 4
5759 7
5768 3
5797 9
5799 8
