10
10 0
18 8
66 8
67 2
78 5
96 0
98 4
108 8
115 2
119 8
120 7
122 6
124 5
143 6
157 2
166 9
169 8
194 7
204 0
206 9
223 0
227 2
241 3
253 2
269 7
277 7
285 6
314 6
316 4
328 7
339 9
342 3
348 5
369 5
381 7
409 2
427 3
440 3
441 0
445 3
466 3
471 7
514 7
526 8
544 2
552 0
561 1
575 7
594 4
604 2
617 3
618 0
630 9
639 8
655 7
664 7
680 5
698 1
707 4
718 5
744 6
745 7
768 3
769 9
783 2
786 4
822 5
824 1
828 0
830 1
833 3
835 2
885 4
886 6
891 9
895 6
900 6
918 6
923 4
924 1
933 2
943 2
946 9
952 8
964 6
968 5
972 3
976 7
984 6
1001 2
1006 9
1015 9
1019 1
1026 6
1032 4
1035 9
1043 5
1047 5
1053 3
1057 6
1077 2
1084 2
1087 8
1097 9
1114 5
1121 1
1149 0
1162 0
1189 4
1190 7
1199 8
1209 8
1217 5
1236 3
1237 7
1245 0
1253 5
1257 3
1278 6
1280 7
1281 0
1282 4
1285 9
1291 8
1299 3
1303 2
1315 2
1319 9
1331 4
1334 1
1374 7
1377 8
1403 1
1418 7
1422 5
1425 3
1433 9
1452 4
1453 4
1462 0
1476 1
1478 3
1479 8
1503 3
1506 7
1522 0
1529 2
1538 6
1545 5
1553 9
1568 5
1578 5
1581 8
1618 3
1626 5
1635 9
1639 4
1652 8
1658 4
1668 5
1677 7
1680 4
1689 3
1696 8
1704 6
1706 3
1735 4
1745 5
1749 0
1765 6
1798 4
1801 0
1813 5
1820 1
1834 5
1837 2
1856 4
1864 0
1884 1
1902 0
1904 5
1907 1
1908 7
1914 7
1953 7
1955 9
1960 3
1961 8
1968 8
1982 1
1983 8
1987 0
1999 5
2001 9
2003 1
2012 3
2019 3
2025 6
2033 4
2037 7
2039 0
2041 4
2109 3
2111 8
2133 8
2136 8
2145 2
2153 1
2174 2
2187 7
2188 6
2190 7
2227 1
2237 6
2247 9
2261 7
2267 7
2278 8
2284 1
2291 2
2315 6
2332 6
2375 5
2400 2
2406 5
2414 1
2419 1
2438 1
2444 4
2455 3
2475 2
2487 3
2499 1
2502 7
2508 1
2509 4
2510 8
2514 0
2525 5
2541 2
2561 9
2566 5
2581 6
2592 1
2604 3
2636 5
2649 2
2659 3
2660 2
2668 7
2677 3
2679 2
2694 9
2713 4
2714 9
2730 0
2737 8
2755 2
2762 5
2779 6
2785 8
2787 9
2815 2
2819 7
2843 9
2859 6
2862 8
2868 0
2897 7
2913 2
2933 3
2937 4
2942 0
2954 1
2962 4
2981 7
2988 9
2989 6
2993 3
3008 9
3010 0
3029 5
3041 8
3042 4
3070 9
3073 2
3076 7
3107 3
3108 3
3123 4
3131 2
3168 5
3171 7
3179 9
3188 9
3192 1
3199 1
3209 1
3214 6
3237 2
3240 0
3241 3
3254 4
3255 7
3261 0
3262 2
3301 3
3303 1
3311 9
3314 1
3324 2
3340 1
3341 4
3342 8
3353 1
3360 5
3361 6
3370 7
3373 4
3395 0
3401 1
3425 8
3427 3
3432 6
3437 4
3442 3
3458 7
3487 2
3494 7
3499 2
3506 7
3510 6
3511 5
3512 4
3515 8
3526 2
3528 2
3541 9
3552 3
3573 9
3597 9
3626 7
3662 1
3666 1
3693 0
3697 5
3702 2
3703 1
3706 7
3728 6
3731 6
3750 4
3753 7
3768 7
3780 5
3786 7
3792 1
3796 3
3801 8
3817 8
3818 2
3820 8
3822 7
3852 2
3856 9
3866 9
3868 2
3881 2
3886 3
3917 9
3929 2
3931 7
3935 8
3941 0
3947 8
3955 6
3956 1
3957 9
3958 5
3987 0
4002 7
4010 4
4011 1
4020 9
4065 6
4073 8
4105 6
4108 2
4141 0
4187 4
4197 6
4209 3
4210 9
4233 4
4237 9
4242 4
4293 8
4305 9
4308 4
4314 1
4316 0
4339 9
4360 5
4376 7
4380 8
4397 3
4398 2
4401 7
4403 8
4434 1
4457 0
4477 8
4495 5
4509 0
4515 5
4537 4
4559 7
4588 6
4594 6
4598 4
4603 1
4623 8
4634 8
4638 0
4648 4
4665 7
4666 6
4673 2
4677 1
4686 4
4687 7
4693 9
4695 4
4698 2
4699 9
4701 0
4703 5
4706 9
4722 4
4731 4
4790 6
4811 2
4822 9
4833 0
4846 8
4862 3
4886 7
4887 6
4888 2
4894 8
4905 0
4906 5
4917 7
4920 4
4926 3
4929 7
4932 8
4936 9
4947 4
4953 8
4957 5
4964 0
4971 2
4972 0
4982 9
4984 6
4986 5
5014 9
5016 0
5019 0
5028 7
5034 4
5038 1
5040 3
5042 2
5055 5
5073 0
5083 6
5084 1
5090 3
5092 0
5122 3
5124 1
5130 6
5133 5
5141 1
5156 6
5185 2
5193 2
5194 2
5199 9
5212 9
5213 3
5214 0
5225 9
5234 1
5238 9
5260 6
5263 9
5264 4
5274 3
5285 1
5293 7
5299 2
5303 8
5309 1
5327 7
5353 3
5366 2
5382 3
5387 0
5406 3
5438 0
5449 9
5458 5
5468 5
5478 3
5483 5
5498 8
5508 0
5512 6
5516 8
5533 9
5535 2
5538 5
5543 2
5545 9
5564 2
5566 4
5571 3
5588 9
5602 9
5604 8
5614 0
5615 7
5633 9
5647 8
5654 7
5655 3
5677 6
5679 5
5686 3
5703 4
5737 6
5754 0
5758 5
5764 3
5765 6
5766 1
5767 2
5780 6
5789 0
5805 2
5821 7
5826 5
5839 4
5842 2
5847 8
5867 7
5869 6
5872 5
5877 9
5888 4
5900 6
5906 7
5914 6
5922 2
5930 5
5948 4
5962 0
5967 5
5979 8
5988 9
5990 9
5995 0
6009 4
6022 8
6024 5
6026 4
6029 6
6061 2
6077 3
6083 4
6089 9
6093 9
