10
20 0
46 1
56 3
73 3
87 9
88 6
98 7
103 1
110 9
114 8
130 6
147 3
164 1
168 5
179 6
195 4
202 0
206 2
209 5
222 6
241 5
246 7
250 6
252 6
256 4
261 0
268 9
276 0
295 9
310 3
315 0
317 4
326 2
328 4
335 9
339 0
343 3
357 0
395 1
396 9
397 1
410 9
414 7
420 2
425 3
454 0
457 6
458 6
466 3
482 0
499 2
504 4
516 9
534 0
541 1
570 7
575 1
592 8
601 0
622 0
624 0
628 1
630 8
645 9
674 6
675 6
677 6
678 4
679 7
681 5
684 1
711 5
741 2
759 4
773 6
789 2
797 8
800 9
814 7
815 0
817 3
819 7
830 4
902 5
912 0
921 9
937 7
954 7
955 8
978 4
980 1
984 1
990 2
993 5
995 2
1005 5
1007 3
1019 4
1033 6
1055 5
1062 8
1070 7
1073 7
1086 0
1098 5
