10
5 4
10 0
14 4
17 2
26 7
34 3
44 2
47 1
69 0
81 9
90 0
91 0
98 5
115 8
116 6
122 8
131 5
132 2
133 2
139 0
172 2
177 2
178 3
186 3
187 6
192 3
203 9
206 8
213 4
236 1
255 2
268 5
276 2
284 3
294 4
327 8
333 0
341 5
357 6
360 2
390 1
399 3
410 1
422 7
432 7
443 0
451 6
455 0
467 5
477 3
513 1
542 8
550 4
551 1
583 4
587 9
591 7
592 8
599 8
609 1
618 8
631 1
684 2
691 4
696 5
716 5
744 4
753 0
757 0
782 3
788 2
798 8
800 3
801 6
811 7
815 5
835 9
852 4
858 2
859 8
871 5
879 7
880 1
888 9
899 3
904 9
911 7
925 7
946 6
951 2
977 8
1000 3
1008 5
1045 1
1049 0
1055 2
1062 0
1070 6
1087 9
1088 6
1091 3
1097 2
1101 8
1110 2
1119 9
1123 6
1126 5
1140 3
1143 6
1146 4
1152 9
1156 4
1167 2
1174 0
1178 5
1183 1
1202 2
1217 8
1221 2
1244 9
1253 8
1256 9
1259 3
1265 3
1298 1
1315 1
1316 4
1331 4
1350 2
1363 9
1374 1
1375 9
1377 6
1387 7
1389 3
1427 1
1430 3
1443 1
1450 3
1466 4
1477 0
1505 0
1513 1
1525 3
1527 6
1528 7
1543 5
1555 5
1564 3
1571 4
1582 0
1589 0
1597 8
1634 9
1642 2
1643 5
1647 2
1656 4
1658 9
1661 6
1662 6
1671 5
1672 3
1680 0
1694 3
1695 6
1700 3
1707 6
1719 3
1737 5
1744 1
1782 1
1820 2
1830 9
1859 1
1865 5
1880 7
1882 3
1886 4
1890 7
1898 1
1902 1
1923 8
1928 2
1935 0
1939 3
1941 1
1954 9
1964 2
1965 7
1966 6
1974 5
1978 5
1982 7
1984 7
1994 3
1996 4
2000 6
2003 0
2010 8
2020 8
2044 4
2045 7
2050 8
2064 6
2067 3
2076 2
2081 8
2084 2
2104 7
2110 7
2117 9
2123 4
2125 0
2127 7
2132 1
2140 5
2141 4
2228 3
2229 1
2233 3
2238 7
2248 8
2259 3
2296 5
2299 2
2308 6
2327 8
2330 1
2368 6
2390 9
2393 1
2396 7
2425 3
2435 5
2451 6
2456 3
2458 2
2469 0
2475 9
2497 1
2498 2
2503 4
2521 9
2525 4
2529 4
2535 1
2537 3
2547 3
2549 5
2551 9
2582 0
2597 9
2601 5
2626 6
2628 4
2633 2
2634 0
2644 0
2675 0
2699 0
2712 1
2715 9
2742 6
2778 9
2822 9
2843 6
2859 7
2912 3
2925 7
2932 1
2936 7
2969 3
2987 1
2994 4
3000 6
3004 6
3010 0
3012 3
3034 0
3037 5
3040 3
3041 5
3051 8
3056 7
3057 0
3058 4
3060 0
3064 8
3076 8
3079 4
3082 4
3085 2
3097 6
3107 6
3146 8
3148 3
3176 2
3200 8
3210 8
3212 0
3227 7
3231 4
3239 3
3241 7
3256 7
3258 2
3264 9
3284 7
3298 4
3301 6
3304 6
3306 4
3310 8
3324 7
3353 3
3369 1
3399 1
3417 0
3430 4
3449 4
3457 2
3467 4
3490 5
3494 3
3504 2
3508 0
3550 1
3561 0
3569 5
3589 6
3610 8
3623 7
3628 0
3651 3
3656 1
3664 7
3670 9
3698 0
3709 4
3736 0
3741 0
3742 1
3746 8
3752 1
3764 0
3775 6
3779 3
3803 4
3818 6
3845 6
3861 7
3868 1
3873 3
3899 5
3900 0
3904 5
3923 4
3925 5
3960 4
3968 6
3970 9
3980 2
3981 8
3984 8
4013 9
4023 8
4024 5
4029 5
4043 4
4064 7
4115 2
4133 6
4158 6
4191 2
4210 2
4214 8
4218 7
4226 2
4252 6
4273 1
4278 3
4282 9
4288 7
4293 2
4299 2
4320 0
4330 3
4338 4
4345 3
4355 4
4380 5
4383 7
4386 9
4389 2
4399 4
4414 6
4421 0
4435 2
4456 8
4466 1
4467 8
4472 2
4481 2
4483 7
4497 2
4512 6
4524 1
4547 1
4549 0
4579 1
4587 6
4593 0
4605 5
4606 6
4610 1
4618 8
4624 0
4628 6
4647 4
4660 6
4665 6
4681 2
4687 3
4729 0
4732 4
4734 7
4746 2
4752 8
4785 4
4802 2
4803 5
4806 2
4817 9
4818 6
4819 7
4821 3
4824 2
4827 0
4829 3
4841 3
4847 7
4884 8
4886 0
4887 1
4908 3
4909 9
4920 7
4921 9
4936 8
4942 8
4947 8
4953 1
4990 6
4993 2
5012 7
5016 1
5020 7
5026 2
5030 4
5034 2
5043 3
5051 0
5064 2
5076 8
5090 0
5105 0
5122 3
5137 2
5141 5
5152 4
5164 6
5167 1
5177 6
5181 7
5186 2
5189 2
5201 3
5232 1
5234 7
5235 1
5265 7
5271 8
5288 8
5304 3
5314 8
5317 9
5324 6
5342 6
5358 2
5383 3
5398 6
5400 6
5408 7
5415 5
5422 4
5439 7
5466 1
5472 1
5478 1
5479 7
5488 1
5495 2
5498 5
5517 5
5520 7
5524 2
5529 2
5530 6
5533 8
5547 3
5549 8
5555 6
5557 0
5558 0
5566 4
5567 9
5582 5
5583 8
5589 4
5600 2
5602 3
5629 2
5646 9
5647 7
5650 1
5651 7
5652 0
5685 7
5694 7
5701 8
5704 1
5714 2
5723 9
5725 0
5735 4
5736 9
5739 1
5746 5
5750 5
5754 5
5762 8
5776 4
5778 7
5787 4
5797 0
5799 8
5808 6
5829 1
5841 6
5845 8
5849 7
5858 4
5864 6
5880 9
5882 5
5889 6
5891 6
5913 1
5927 5
5937 3
5951 7
5956 4
5962 1
5964 8
5968 3
5973 1
5986 3
5991 6
6027 2
6050 7
6071 1
6073 8
6123 7
6131 8
6144 1
6145 0
6150 7
6161 7
6165 9
6179 0
6182 6
6188 4
6193 0
6245 9
6248 9
6253 2
6258 8
6263 6
6264 1
6277 3
6299 9
6300 0
6309 2
6317 2
6337 0
6339 3
6344 7
6351 0
6373 3
6383 1
6386 3
6395 4
6405 2
6408 5
6409 5
6428 7
6435 3
6475 0
6478 9
6489 6
6493 6
6496 4
6500 4
6514 8
6522 1
6539 2
6541 6
6543 5
6544 8
6545 7
6547 7
6558 9
6559 3
6563 0
6596 6
6622 5
6624 7
6643 0
6652 2
6660 1
6664 9
6665 3
6685 9
6692 3
6693 6
6695 5
6696 7
