10
7 7
22 0
36 8
41 6
42 5
45 5
59 9
83 2
113 9
116 4
126 8
131 8
133 2
141 3
145 3
146 6
149 8
154 0
162 8
163 5
171 0
197 9
214 1
221 0
229 1
249 2
251 0
266 3
269 8
282 0
285 2
289 7
303 0
321 1
332 4
358 1
362 7
383 8
389 9
390 7
406 3
418 9
421 6
446 4
452 6
458 9
461 9
462 7
463 9
465 5
467 2
521 6
524 9
530 1
541 4
546 9
563 0
570 9
571 8
585 2
608 4
621 5
627 7
646 3
648 6
665 3
673 4
679 2
682 8
716 0
735 5
736 0
744 7
745 0
757 8
760 9
769 8
780 2
782 8
783 7
789 7
791 0
809 7
810 9
839 0
858 8
860 5
861 7
863 6
876 8
882 7
890 2
891 0
941 3
942 8
943 6
951 5
965 6
980 4
989 7
994 0
995 8
1000 6
1011 2
1026 6
1036 5
1043 9
1062 8
1069 6
1080 9
1088 6
1089 5
1095 9
1098 5
1099 4
1115 1
1118 1
1128 7
1132 1
1139 9
1141 5
1147 2
1148 5
1165 1
1170 3
1173 8
1188 2
1207 1
1210 9
1225 4
1243 8
1281 9
1304 3
1309 7
1311 5
1322 7
1358 4
1372 3
1374 2
1375 7
1391 5
1399 1
1406 2
1415 6
1417 9
1419 9
1456 8
1464 6
1469 7
1476 4
1514 9
1520 0
1537 4
1547 8
1580 4
1581 2
1584 4
1593 4
1597 1
1603 1
1614 5
1617 8
1631 2
1634 2
1643 9
1659 4
1676 2
1678 0
1715 6
1735 6
1745 8
1755 7
1756 6
1765 4
1770 4
1771 6
1785 0
1790 8
1793 7
1802 0
1821 0
1829 4
1835 1
1845 8
1848 7
1851 8
1855 0
1859 6
1866 0
1871 1
1875 2
1888 5
1902 4
1908 8
1913 9
1933 3
1951 0
1953 3
1965 6
1970 6
1971 2
1976 6
1988 4
1998 4
2011 6
2012 9
2020 0
2023 8
2035 1
2044 7
2069 4
2081 6
2085 5
2108 6
2122 5
2150 5
2151 6
2152 4
2160 1
2162 4
2169 0
2196 1
2197 6
2199 6
2201 3
2221 8
2222 9
2269 9
2296 0
2312 3
2314 8
2316 5
2323 9
2330 4
2332 2
2338 4
2342 0
2345 0
2354 6
2367 8
2386 1
2399 0
2429 0
2443 8
2453 2
2454 4
2455 9
2484 3
2501 4
2512 5
2534 4
2538 3
2540 7
2544 5
2577 4
2612 8
2614 7
2620 1
2627 4
2630 2
2645 9
2649 5
2664 6
2667 1
2684 8
2695 7
2708 7
2719 9
2720 0
2735 6
2737 7
2748 9
2749 0
2769 2
2792 3
2799 1
2801 0
2817 4
2818 0
2826 6
2858 2
2866 5
2875 9
2879 7
2885 7
2887 6
2893 6
2898 5
2900 9
2918 0
2923 0
2940 8
2943 3
2970 7
2976 9
2979 6
2985 0
2988 7
2991 6
3001 9
3011 6
3041 1
3074 1
3080 5
3083 6
3098 5
3108 5
3129 7
3135 2
3142 8
3145 8
3155 1
3216 7
3224 7
3225 7
3230 8
3246 0
3249 0
3276 0
3285 3
3286 2
3296 8
3301 0
3307 3
3308 3
3310 6
3313 1
3325 7
3345 0
3346 8
3362 3
3381 5
3397 4
3411 1
3437 1
3443 8
3449 5
3468 2
3469 8
3494 5
3512 4
3526 5
3539 3
3547 7
3559 0
3569 8
3584 7
3592 3
3601 2
3607 3
3614 3
3615 7
3626 7
3631 0
3647 4
3659 8
3722 1
3723 7
3729 4
3741 3
3747 8
3755 6
3759 6
3790 3
3807 0
3812 2
3813 5
3815 4
3819 8
3834 0
3835 0
3845 4
3847 2
3857 2
3878 9
3884 8
3895 9
3912 0
3937 5
3950 9
3975 4
3981 2
3988 6
3992 9
4003 0
4005 3
4035 5
4041 3
4071 2
4076 1
4090 4
4111 0
4122 7
4131 6
4154 1
4156 7
4160 9
4164 7
4177 7
4182 4
4188 6
4208 2
4216 0
4249 3
4254 2
4255 9
4261 1
4265 3
4272 2
4277 4
4284 4
4294 7
4301 2
4312 2
4323 6
4326 5
4334 1
4358 5
4362 0
4390 5
4395 3
4399 1
4404 7
4419 6
4420 6
4430 8
4431 6
4441 9
4443 2
4445 4
4452 1
4454 1
4467 4
4471 8
4475 7
4479 2
4489 4
4494 7
4514 3
4516 3
4517 8
4530 7
4549 2
4559 0
4563 6
4569 2
4576 2
4582 1
4629 9
4631 0
4656 4
4660 8
4661 6
4669 5
4674 4
4686 9
4694 3
4707 7
4709 4
4713 9
4744 4
4756 5
4775 8
4790 9
4795 3
4798 2
4806 8
4809 2
4820 9
4825 1
4828 8
4835 3
4842 7
4858 0
4866 1
4868 2
4870 2
4871 5
4872 5
4881 2
4888 5
4894 5
4903 2
4907 6
4957 7
4977 6
4986 6
4990 6
4994 6
5011 3
5014 6
5022 3
5027 9
5028 7
5031 8
5035 3
5042 5
5050 0
5058 1
5069 9
5070 5
5077 3
5079 1
5080 5
5102 5
5114 3
5117 5
5120 4
5121 2
5132 1
5139 2
5163 9
5173 4
5178 3
5187 1
5211 5
5230 5
5234 9
5239 6
5243 6
5271 6
5280 5
5290 0
5291 3
5336 9
5340 2
5345 7
5375 2
5396 0
5428 7
5434 5
5436 5
5450 6
5453 4
5469 2
5474 6
5488 3
5490 7
5505 9
5508 6
5519 3
5527 4
5528 0
5531 1
5547 0
5570 6
5580 1
5603 3
5610 6
5630 6
5637 0
5642 2
5649 6
5660 5
5723 7
5727 5
5751 5
5777 9
5809 1
5812 1
5819 5
5830 3
5858 4
5862 0
5894 7
5897 0
5946 2
5958 2
5964 9
5969 4
5976 1
5985 9
5989 7
5992 5
5994 5
6027 8
6037 4
6048 2
6059 7
6072 4
6074 7
6080 9
6082 1
6107 3
6116 4
6121 2
6132 2
6146 2
6162 5
6167 5
6178 3
6180 6
6182 3
6198 5
6207 3
6212 3
6222 8
6231 8
6237 9
6273 5
6299 7
6306 0
6309 7
6330 3
6351 7
6361 5
6367 5
6374 7
6380 5
6389 1
6390 6
6441 7
6448 3
6458 0
6467 3
6472 1
6477 1
6478 9
6485 2
6496 2
6500 5
6508 9
6513 5
6536 4
6556 2
6560 2
6562 9
6570 1
6576 4
6592 6
6604 8
6608 2
6617 6
6637 0
6648 7
6659 2
6660 6
6662 4
6666 8
6677 9
6711 3
6720 5
6736 2
6744 3
6745 8
6747 3
6750 4
6766 9
6772 7
6775 4
6781 3
6796 9
6811 2
6819 6
6823 0
6824 3
6835 0
6853 0
6866 0
6908 9
6918 2
6930 8
6938 7
6948 1
6950 7
6970 8
7017 0
7021 0
7028 7
7035 2
7058 9
7060 1
7076 7
7077 7
7079 9
7080 3
7082 5
7103 9
7117 3
7121 9
7123 9
7136 1
7137 9
7160 1
7178 9
7206 0
7218 4
7244 0
7247 8
7248 6
7252 4
7255 3
7266 2
7286 3
7287 5
7288 7
7295 4
7296 3
7324 4
7326 1
7328 0
7333 1
7354 4
7388 2
7415 1
7417 0
7440 8
7462 5
7486 3
7487 7
7523 6
7525 5
7530 8
7551 2
7558 4
7568 0
7595 6
7596 3
7605 4
7608 8
7618 4
7619 2
7631 5
7700 3
7703 4
7707 7
7711 1
7716 1
7734 0
7754 1
7761 3
7763 2
7776 8
7777 1
7778 4
7784 1
7785 7
7790 6
7795 0
7796 8
