10
22 9
34 3
41 9
43 5
54 5
69 7
84 5
92 3
96 9
122 5
125 5
138 3
158 3
159 9
167 1
176 2
188 8
206 5
239 5
244 9
272 7
280 5
283 9
291 6
305 3
306 4
317 9
323 3
324 7
325 3
335 8
379 7
413 3
436 8
447 1
482 4
484 7
487 2
491 4
501 7
504 9
516 7
526 1
527 5
537 5
543 0
554 1
564 0
574 7
583 6
593 1
596 1
606 3
622 6
656 8
678 0
681 5
690 2
700 8
704 9
707 7
711 7
734 9
757 7
788 0
794 9
813 9
832 9
848 4
852 1
863 5
867 7
868 6
873 6
879 1
882 6
903 5
905 3
909 3
915 4
918 0
921 3
927 3
951 5
952 5
953 5
961 9
968 2
969 6
970 2
975 2
983 0
987 4
990 7
1008 5
1018 6
1019 4
1021 8
1033 6
1034 0
1036 8
1056 5
1060 0
1067 1
1068 1
1082 2
1094 8
1096 3
1100 3
1102 5
1126 7
1138 6
1148 2
1152 7
1156 6
1158 0
1169 1
1173 8
1184 4
1198 7
1205 8
1212 9
1233 6
1249 6
1250 3
1261 7
1278 8
1281 9
1308 5
1314 2
1317 9
1335 1
1337 9
1339 4
1354 5
1364 9
1374 2
1402 8
1416 2
1452 0
1459 2
1469 7
1487 1
1489 7
1490 0
1501 7
1509 5
1512 2
1525 9
1545 2
1555 7
1579 2
1583 3
1591 2
1598 0
1605 5
1608 0
1634 4
1645 3
1660 8
1661 2
1664 9
1674 8
1675 1
1678 3
1706 6
1714 8
1738 0
1743 8
1755 8
1789 2
1791 8
