10
4 6
10 2
17 8
60 1
71 1
74 9
75 8
78 6
99 5
105 9
110 7
124 4
126 4
139 0
151 3
159 2
160 5
171 1
179 9
180 7
213 2
229 9
238 5
241 4
251 0
253 3
269 5
270 7
272 3
276 1
277 4
279 9
287 1
308 8
345 1
350 8
360 3
364 1
390 6
414 2
415 5
438 3
449 8
458 6
462 5
471 5
493 3
513 2
520 7
521 6
524 2
539 3
541 9
562 7
570 0
571 3
585 9
589 4
598 5
617 4
627 7
628 9
643 5
652 3
684 6
703 2
711 4
717 9
728 1
748 7
749 1
754 4
764 4
765 4
767 0
789 7
791 4
819 1
822 6
825 0
834 7
845 7
847 2
853 6
876 4
881 0
884 0
904 5
908 1
914 1
943 6
951 2
978 1
987 8
991 8
994 6
1006 9
1008 3
1016 9
1019 9
1027 8
1028 0
1030 2
1073 1
1074 2
1089 5
1094 3
1132 8
1145 4
1147 3
1150 1
1155 8
1199 2
1211 1
1214 8
1217 4
1220 2
1227 8
1234 9
1239 2
1267 5
1277 6
1281 8
1302 1
1305 2
1310 2
1336 0
1338 2
1359 6
1362 1
1381 7
1388 8
1420 1
1438 6
1452 5
1460 2
1467 7
1487 1
1493 2
1496 4
1506 6
1507 5
1514 1
1524 8
1531 7
1538 9
1540 0
1542 0
1544 7
1545 4
1553 7
1563 7
1570 0
1588 0
1598 5
1610 3
1611 9
1612 6
1616 3
1617 3
1639 8
1647 8
1653 8
1680 8
1685 9
1706 3
1715 2
1750 9
1760 7
1778 4
1780 6
1789 1
1796 7
1817 8
1822 2
1826 4
1834 5
1855 2
1857 4
1884 0
1888 1
1889 1
1890 2
1902 1
1936 3
1937 2
1941 8
1944 6
1973 5
1977 2
2003 2
2006 4
2009 3
2024 0
2047 5
2049 0
2063 4
2069 6
2079 5
2085 6
2088 2
2095 1
2100 2
2120 7
2124 5
2126 1
2127 9
2148 3
2159 5
2170 5
2180 9
2182 7
2204 3
2209 2
2216 6
2220 1
2223 4
2248 4
2256 1
2261 6
2271 6
2273 1
2275 9
2286 8
2288 4
2289 7
2308 4
2339 0
2343 1
2345 3
2348 7
2351 6
2374 8
2392 1
2395 5
2438 6
2447 3
2450 8
2455 0
2460 5
2486 9
2494 3
2524 0
2548 0
2549 2
2552 9
2562 0
2593 9
2622 1
2630 6
2631 2
2636 7
2654 2
2713 4
2722 0
2743 1
2745 1
2754 8
2761 0
2763 3
2778 8
2782 8
2788 2
2792 9
2797 2
2819 8
2843 5
2852 5
2856 1
2857 1
2869 5
2870 5
2874 5
2876 0
2877 8
2883 0
2890 3
2893 9
2914 8
2916 3
2929 0
2935 1
2936 1
2947 1
2958 7
2961 8
2991 9
2993 7
3007 1
3039 8
3058 1
3062 2
3083 6
3084 4
3095 4
3099 4
3103 2
3113 9
3130 3
3136 1
3137 8
3141 5
3169 8
3170 3
3172 9
3190 7
3196 3
3220 8
3227 3
3247 4
3251 1
3259 5
3281 8
3283 8
3295 7
3299 4
3310 6
3349 4
3362 5
3368 2
3370 3
3372 9
3385 9
3387 5
3392 4
3398 4
3410 7
3414 7
3431 8
3445 4
3453 5
3455 4
3461 4
3464 5
3469 5
3494 0
3495 6
3498 5
3528 3
3530 6
3538 7
3545 8
3551 0
3560 9
3570 0
3575 2
3578 1
3584 0
3593 6
3595 7
3608 9
3619 0
3625 5
3652 8
3659 1
3672 0
3698 4
3715 2
3717 3
3719 8
3721 8
3727 5
3735 9
3742 5
3756 3
3757 1
3768 1
3780 7
3795 8
3808 9
3815 4
3818 9
3825 6
3838 3
3839 2
3845 7
3853 4
3855 0
3867 7
3868 8
3872 3
3876 6
3883 4
3903 9
3906 0
3907 0
3924 8
3925 6
3929 5
3938 7
3955 1
3972 1
3977 0
3998 2
4010 0
4021 2
4031 0
4039 7
4043 6
4053 4
4072 3
4078 8
4103 1
4130 3
4135 4
4147 9
4154 8
4158 8
4161 3
4167 3
4180 4
4200 0
4201 7
4208 5
4217 8
4222 0
4224 2
4225 6
4242 4
4255 1
4262 2
4265 5
4280 2
4294 3
4296 6
4298 1
4305 2
4306 8
4321 1
4352 6
4355 7
4356 5
4363 5
4369 8
4373 2
4390 9
4399 6
4410 0
4433 7
4461 8
4495 3
4498 9
4500 6
4503 8
4507 3
4508 8
4511 9
4512 9
4515 4
4519 2
4527 2
4534 2
4546 7
4550 3
4555 2
4563 9
4565 9
4569 8
4576 5
4591 6
4594 2
4597 8
4608 3
4628 2
4631 5
4642 4
4648 4
4657 8
4660 0
4697 4
4711 3
4738 1
4749 4
4755 4
4764 3
4780 3
4787 7
4792 7
4798 6
4808 4
4820 3
4827 3
4831 1
4844 1
4863 5
4870 8
4887 8
4897 1
4917 3
4919 2
4934 7
4942 0
4943 3
4947 8
4956 5
4985 7
5010 1
5040 0
5045 4
5105 3
5150 4
5155 1
5157 3
5158 5
5167 8
5185 2
5186 3
5210 4
5233 5
5243 6
5252 4
5256 6
5261 9
5295 3
5309 5
5313 0
5323 5
5325 0
5337 1
5341 3
5343 0
5361 7
5417 6
5435 6
5442 2
5448 0
5457 2
5459 0
5467 7
5470 5
5482 3
5505 6
5512 9
5515 9
5520 9
5528 8
5532 1
5535 4
5546 0
5570 0
5581 5
5599 1
5617 3
5621 4
5642 7
5643 4
5651 3
5659 9
5666 5
5686 4
5689 5
5698 9
5714 9
5726 2
5728 8
5745 4
5755 9
5766 0
5776 7
5777 2
5802 4
5805 8
5846 2
5862 6
5867 5
5880 0
5888 9
5894 2
5895 5
5898 4
5915 9
5933 3
5945 9
5961 3
5962 5
5988 8
5989 8
5995 9
5998 6
6002 6
6018 9
6024 5
6044 0
6061 8
6066 9
6100 8
6103 0
6119 3
6123 0
6136 6
6148 4
6149 9
6161 3
6174 8
6176 6
6189 1
6192 5
6234 9
6239 4
6282 8
6286 3
6290 4
6296 3
6302 5
6318 8
6320 5
6327 4
6330 8
6350 3
6351 8
6360 5
6381 5
6383 9
6402 0
6416 2
6429 0
6431 6
6432 6
6437 3
6445 3
6447 5
6454 1
6459 6
6481 6
6491 6
6493 9
6498 2
6510 1
6563 4
6572 2
6578 9
6579 9
6625 1
6644 1
6661 3
6679 1
6708 5
6724 6
6729 3
6745 4
6768 9
6777 0
6791 5
6795 8
6797 8
6803 6
6821 2
6841 6
6858 8
6862 6
6864 4
6871 6
6874 6
6875 2
6895 0
