10
12 9
15 8
35 8
53 4
70 3
81 9
87 3
94 9
113 1
117 1
132 6
139 5
142 7
148 3
154 1
164 6
183 5
224 6
225 4
234 3
252 3
260 5
264 0
270 7
281 7
300 7
301 9
302 9
319 2
332 6
349 7
351 9
357 2
365 1
386 2
387 6
393 8
409 0
410 3
412 5
444 3
453 9
457 3
462 4
467 7
468 5
472 3
489 4
494 0
518 2
519 5
540 3
548 6
559 4
560 2
561 8
582 3
597 3
599 3
607 6
629 0
658 9
661 1
669 6
681 3
706 4
717 3
727 1
732 1
738 1
739 6
744 3
784 5
789 5
807 4
812 4
813 0
819 9
823 7
824 1
829 6
860 3
894 9
908 3
918 6
927 3
939 5
959 7
991 7
1002 9
1046 0
1055 2
1057 7
1072 5
1076 8
1081 4
1087 7
1089 4
1090 0
1097 0
1098 5
1104 3
1126 4
1132 1
1145 0
1148 2
1163 6
1168 4
1181 7
1190 4
1194 5
1204 7
1234 0
1239 0
1259 5
1263 4
1266 0
1273 7
1279 8
1280 8
1281 0
1299 0
1314 9
1347 7
1353 7
1355 7
1356 8
1358 7
1366 5
1389 3
1423 8
1436 3
1437 2
1441 0
1444 3
1447 0
1451 1
1452 7
1457 6
1459 4
1465 5
1467 2
1482 7
1502 9
1531 4
1539 2
1541 8
1544 7
1566 4
1577 9
1579 7
1582 0
1594 3
1608 4
1626 1
1632 5
1636 7
1643 8
1686 1
1700 2
1704 5
1721 7
1726 2
1742 8
1745 6
1753 2
1762 9
1780 4
1792 3
1799 2
1816 1
1819 9
1824 5
1830 4
1833 5
1849 6
1861 0
1872 8
1913 3
1919 2
1925 5
1931 9
1951 2
1955 7
1956 9
1964 3
1975 2
1982 4
1988 2
1996 9
