10
25 0
30 9
51 0
69 8
71 1
81 6
82 7
94 4
95 2
107 1
114 5
117 6
118 8
134 2
139 2
180 1
186 2
188 6
192 3
204 6
209 1
211 8
226 5
237 8
250 5
257 3
267 4
278 3
290 0
318 0
328 9
372 0
373 8
375 5
386 0
390 1
397 4
400 6
404 8
445 7
448 7
461 6
474 3
524 4
539 5
546 7
552 4
553 9
554 6
561 0
569 4
581 6
591 6
593 7
595 7
599 5
605 8
618 9
628 2
642 4
655 4
660 9
661 4
665 9
667 8
671 9
673 2
712 0
727 6
737 8
752 2
764 1
772 9
778 3
800 3
802 9
807 7
825 0
829 2
836 0
871 9
878 6
908 2
915 1
933 7
936 7
939 9
942 0
943 8
952 2
961 7
994 0
1000 3
1001 8
1010 7
1019 5
1044 8
1052 9
1067 5
1072 3
1077 5
1089 0
1094 1
1126 7
1131 1
1147 5
1150 5
1154 1
1158 9
1160 7
1173 8
1186 0
1189 0
1190 0
1194 9
1206 6
1216 3
1229 2
1233 8
1235 7
1245 4
1269 2
1273 4
1279 9
1281 2
1291 5
1295 7
1299 8
1320 9
1329 3
1333 9
1349 5
1352 2
1403 8
1405 1
1408 5
1420 4
1441 1
1446 4
1469 4
1471 3
1504 0
1509 1
1512 0
1515 4
1559 3
1565 7
1579 6
1584 0
1605 9
1613 2
1626 2
1653 6
1666 8
1672 7
1673 7
1676 4
1678 3
1709 3
1744 4
1751 1
1763 8
1766 2
1777 9
1791 6
1796 7
1797 0
1800 1
1812 4
1819 8
1846 9
1894 1
1903 3
1912 0
1915 6
1917 6
1918 8
1952 0
1953 9
1993 5
2001 9
2005 1
2018 9
2029 8
2030 9
2034 7
2056 4
2066 1
2071 3
2087 6
2091 8
2120 8
2133 4
2137 5
2167 9
2174 1
2175 4
2201 6
2206 1
2217 7
2225 8
2228 4
2238 0
2241 9
2246 5
2260 6
2263 2
2269 2
2270 3
2283 2
2288 7
2294 7
2306 8
2307 4
2327 1
2341 7
2344 7
2355 3
2362 1
2368 5
2406 8
2411 6
2420 7
2425 7
2434 5
2442 0
2448 7
2461 8
2462 0
2483 7
2484 8
2494 9
2531 6
2544 1
2547 4
2548 8
2558 4
2563 2
2565 7
2573 2
2592 7
2615 5
2619 7
2636 2
2643 3
2645 3
2647 7
2656 6
2673 7
2686 9
2690 5
2707 1
2730 3
2736 5
2750 6
2770 5
2776 7
2782 8
2794 5
2802 5
2810 9
2827 1
2837 2
2861 3
2870 7
2883 9
2909 4
2911 1
2927 2
2929 3
2947 6
2948 8
2956 3
2967 6
2968 1
2972 0
2988 0
2989 0
3003 0
3004 4
3060 5
3061 3
3066 4
3067 6
3068 3
3078 8
3098 6
3103 9
3114 1
3123 1
3127 0
3132 1
3137 1
3142 7
3147 7
3153 7
3156 4
3167 3
3179 4
3183 1
3189 7
3200 9
3259 0
3260 6
3262 1
3274 4
3278 3
3300 5
3329 3
3350 8
3353 6
3356 5
3391 5
3394 0
3401 5
3418 8
3422 2
3431 7
3439 6
3454 4
3457 5
3467 4
3473 3
3477 2
3483 6
3509 4
3510 6
3518 0
3521 0
3525 7
3536 0
3542 1
3568 4
3581 8
3582 7
3589 2
3597 5
3599 2
3615 8
3621 8
3646 4
3660 1
3665 5
3671 6
3672 6
3680 4
3700 0
3701 1
3706 0
3711 8
3713 4
3714 7
3716 6
3734 6
3743 5
3744 2
3750 9
3757 6
3768 5
3770 7
3778 5
3782 5
3803 1
3805 0
3806 8
3812 8
3825 5
3889 7
3890 3
3892 1
3898 1
3933 0
3936 7
3937 8
3956 1
3959 2
3960 7
3970 9
3985 2
3992 4
3999 3
4001 5
4002 3
4021 6
4022 5
4026 3
4053 0
4058 9
4073 3
4078 2
4079 8
4083 5
4101 2
4128 4
4140 6
4148 3
4174 1
4178 1
4179 8
4194 9
4203 4
4205 9
4217 6
4245 6
4247 7
4268 8
4269 2
4283 0
4295 8
4326 5
4351 4
4363 8
4393 6
4397 3
4405 1
4439 2
4443 8
4447 2
4472 5
4474 4
4482 7
4487 4
4488 1
4491 6
4496 1
4506 3
4520 5
4557 2
4559 7
4568 6
4573 5
4574 5
4575 1
4585 9
4598 9
4604 9
4611 8
4618 7
4624 2
4636 4
4654 0
4659 3
4662 8
4667 0
4679 0
4707 7
4724 1
4730 6
4737 6
4754 7
4781 2
4789 0
4792 3
4794 8
4811 9
4823 5
4848 0
4850 9
4851 6
4858 6
4881 6
4887 6
4894 4
4925 3
4944 7
4952 3
4963 5
4992 7
4999 0
5006 8
5011 7
5016 8
5019 3
5025 7
5031 5
5047 3
5050 4
5053 2
5056 6
5062 7
5065 8
5075 3
5078 9
5079 2
5090 4
5091 9
5116 1
5122 5
5149 4
5156 3
5162 2
5204 2
5211 4
5218 6
5220 6
5226 4
5247 7
5262 9
5265 9
5286 0
5289 0
5295 3
5298 7
5300 8
5306 5
5309 1
5312 4
5324 8
5333 2
5335 7
5337 7
5351 6
5358 6
5371 3
5378 2
5386 7
5392 1
5409 6
5428 0
5435 5
5448 3
5461 7
5483 1
5487 6
5495 3
5498 7
5501 7
5513 3
5527 6
5530 3
5541 9
5543 0
5555 3
5562 5
5584 5
5589 1
5592 6
5598 9
5600 9
5629 9
5630 5
5633 7
5638 3
5641 9
5657 3
5661 0
5662 0
5682 2
5698 6
5702 2
5708 2
5715 9
5724 6
5731 2
5737 9
5743 6
5744 0
5746 2
5779 6
5802 0
5813 1
5817 4
5827 8
5848 0
5885 9
5907 4
5919 1
5925 4
5929 4
5966 1
5974 1
5989 0
5991 5
6001 1
6005 7
6015 1
6019 9
6027 0
6034 3
6037 4
6042 7
6044 3
6066 0
6074 4
6083 5
6086 3
6092 1
6117 4
6120 5
6130 7
6134 1
6141 2
6147 5
6148 8
6173 9
6180 8
6182 2
6192 9
6193 4
6200 0
6203 4
6204 1
6206 2
6210 2
6214 6
6221 0
6222 9
6248 1
6263 5
6264 2
6268 7
6271 1
6272 1
6274 3
6312 3
6327 4
6332 6
6355 2
6358 5
6360 1
6377 4
6387 1
6416 6
6429 8
6436 3
6448 3
6464 1
6470 0
6476 5
6486 3
6490 2
6493 1
6497 6
6512 9
6527 4
6529 5
6530 8
6534 8
6562 2
6563 1
6588 9
6623 0
6627 6
6633 5
6697 1
6702 9
6707 2
6713 4
6730 2
6738 3
6744 4
6750 0
6766 6
6777 8
6778 1
6788 0
6793 7
6830 3
6834 7
6840 6
6846 8
6857 3
6861 1
6864 8
6866 8
6870 4
6871 7
6901 5
6917 4
6929 4
6932 2
6936 8
6948 2
6959 4
6963 1
6979 1
6992 2
7003 0
7018 9
7019 1
7028 4
7046 4
7056 6
7064 9
7076 3
7078 8
7109 1
7131 1
7144 3
7156 9
7160 0
7173 7
7190 1
7200 3
7203 2
7212 6
7217 5
7239 8
7243 1
7251 4
7276 1
7289 4
7302 5
7337 3
7353 1
7358 1
7368 2
7372 0
7388 3
7400 2
7435 9
7454 9
7515 1
7534 8
7556 2
7558 0
7561 6
7575 0
7577 2
7579 8
7584 0
7587 8
7602 8
7605 6
7616 4
7619 8
7620 3
7623 8
7636 8
7637 1
7642 9
7687 1
7697 0
7705 3
7712 1
7719 3
7721 9
7728 3
7730 8
7758 5
7762 4
7778 3
7781 2
7801 7
7803 2
7810 9
7812 9
7814 1
7815 5
7820 0
7840 1
7844 8
7852 0
7859 1
7864 6
7883 3
7886 9
7904 0
7935 6
7936 2
7942 9
7967 3
7994 8
8004 1
8019 7
8036 1
8040 9
8044 3
8051 1
8071 1
8074 4
8094 8
8099 8
8101 2
8107 6
8108 2
8163 4
8168 5
8172 6
8178 4
8180 0
8194 9
8198 1
8199 1
8208 1
8209 8
8230 2
8231 4
8234 3
8248 8
8249 1
8263 1
8266 6
8288 5
8316 6
8321 4
8362 2
8374 2
8386 0
8409 8
8414 9
8416 6
8422 8
8426 0
8441 6
8444 0
8445 9
8453 5
8472 3
8491 8
8496 8
8499 4
8514 8
8528 3
8536 7
8561 9
8564 5
8577 3
8584 7
8625 2
8640 8
8651 9
8655 3
8662 7
8667 6
8679 2
8681 6
8685 0
8692 2
8716 2
8722 6
8733 2
8734 6
8736 1
8744 8
8752 1
8753 9
8787 5
8795 0
8816 3
8825 0
8830 2
8832 5
8835 1
8855 2
8861 7
8875 6
8879 5
8921 4
8925 6
8950 4
8951 5
8954 7
8963 9
8970 0
8980 1
8984 6
8995 2
8998 2
9004 4
9006 6
9007 2
9010 4
9013 8
9018 2
9043 2
9067 2
9081 4
9083 7
9100 2
9112 1
9114 3
9123 4
9124 3
9126 6
9173 2
9174 8
9184 3
9210 6
9215 6
9218 7
9222 0
9230 3
9232 4
9249 5
9276 3
9279 7
9289 3
9290 6
9296 5
