10
7 4
16 4
46 9
61 4
113 8
114 3
118 5
119 0
134 3
145 1
162 8
165 3
166 6
172 0
178 3
182 1
212 5
220 3
222 1
227 9
228 3
232 4
235 2
241 8
253 2
264 1
286 2
295 0
303 6
307 1
328 9
341 7
371 1
372 7
374 5
388 5
395 3
412 0
424 9
442 9
444 8
448 2
464 4
475 9
488 9
495 8
497 7
520 9
546 3
555 0
577 2
578 8
580 7
584 9
614 3
625 8
627 2
634 1
636 8
646 9
665 8
676 2
680 6
697 9
701 9
705 3
749 9
784 4
785 6
792 0
798 4
811 4
816 0
818 5
842 4
843 3
853 9
854 8
855 8
862 3
867 4
881 0
896 3
906 1
933 1
935 3
946 2
947 1
956 8
958 7
970 0
971 1
979 9
987 3
990 4
997 5
1010 9
1019 4
1020 8
1023 5
1026 3
1037 0
1045 7
1074 7
1082 3
1087 2
1088 8
1097 9
1103 4
1105 6
1107 8
1114 0
1116 6
1118 9
1119 7
1122 4
1123 6
1129 0
1133 2
1153 9
1164 3
1199 6
1203 1
1205 7
1209 7
1219 8
1220 3
1222 0
1242 3
1265 7
1276 3
1280 3
1292 7
1310 0
1325 6
1338 3
1341 7
1347 3
1353 2
1359 1
1376 5
1386 6
1394 9
1406 3
1407 7
1409 0
1430 1
1435 0
1439 9
1440 2
1465 3
1475 7
1480 7
1482 9
1486 6
1489 6
1493 3
1495 0
1497 5
1498 7
1534 9
1537 1
1539 4
1547 6
1556 3
1558 8
1563 6
1582 8
1612 1
1615 7
1626 5
1634 1
1639 8
1644 9
1657 8
1665 0
1667 4
1683 2
1701 6
1722 7
1735 0
1787 5
1788 9
1810 6
1821 7
1831 0
1835 3
1839 5
1844 9
1849 8
1865 0
1876 3
1877 7
1900 0
1904 9
1906 5
1943 5
1965 9
1970 0
1974 0
1985 3
1987 7
2003 2
2004 3
2014 0
2023 8
2030 2
2034 8
2035 8
2047 4
2057 1
2074 4
2078 0
2084 7
2094 2
2096 5
2102 7
2125 8
2141 2
2144 2
2148 1
2152 5
2161 4
2193 9
2194 1
2206 4
2215 2
2235 8
2237 9
2240 1
2243 6
2245 2
2249 4
2278 7
2282 0
2287 4
2292 8
2300 1
2315 5
2316 1
2317 3
2360 2
2362 0
2366 0
2374 6
2378 7
2384 4
2391 7
2410 2
2423 3
2431 9
2452 8
2466 5
2470 7
2495 7
2511 0
2521 0
2586 4
2604 4
2630 0
2639 9
2657 2
2667 1
2675 9
2679 6
2687 8
2704 6
2715 1
2718 7
2736 0
2738 4
2751 3
2759 7
2760 2
2766 2
2792 8
2828 8
2829 7
2835 6
2838 3
2840 9
2842 4
2848 7
2856 6
2860 0
2863 7
2910 5
2911 8
2924 1
2929 3
2938 5
2943 7
2957 6
2981 3
2988 1
2989 6
3027 5
3037 0
3038 0
3045 3
3089 8
3093 9
3102 8
3163 0
3166 6
3167 1
3203 5
3220 9
3235 5
3245 1
3247 0
3268 5
3288 5
3294 1
3297 9
3300 4
3308 0
3323 0
3358 1
3388 3
3394 9
3395 9
3400 8
3407 6
3408 4
3409 0
3410 0
3428 0
3443 0
3451 0
3453 2
3485 2
3491 2
3508 7
3515 0
3518 5
3536 9
3546 6
3575 5
3612 5
3617 9
3618 9
3621 1
3622 0
3624 1
3625 5
3645 4
3647 6
3656 9
3659 1
3664 3
3673 7
3680 0
3692 5
3699 9
3705 3
3733 0
3739 0
3743 1
3746 3
3793 7
3797 0
3804 0
3828 8
3832 9
3854 6
3869 3
3871 5
3893 0
3902 0
3919 7
3920 0
3922 4
3931 7
3939 5
3946 6
3951 7
3952 2
3953 1
3962 4
3970 0
3972 7
3978 2
3994 0
4002 9
4007 6
4018 1
4025 1
4034 8
4040 1
4046 4
4047 4
4049 3
4074 7
4077 2
4078 6
4094 9
4101 0
4111 1
4118 0
4139 3
4146 1
4176 7
4180 4
4208 3
4225 2
4231 0
4233 2
4241 8
4254 9
4275 4
4279 7
4283 7
4295 1
4311 3
4333 2
4336 3
4353 3
4355 8
4361 3
4366 0
4369 6
4370 3
4392 5
4393 2
4398 6
4404 8
4408 7
4435 7
4446 8
4458 8
4463 4
4471 2
4482 6
4492 5
4496 1
4505 7
4522 4
4533 9
4552 1
4560 3
4569 0
4577 0
4588 6
4590 0
4592 5
4601 3
4614 7
4615 4
4622 5
4634 3
4638 0
4654 9
4680 4
4689 3
4691 0
4699 6
4703 0
4708 2
4709 2
4726 8
4727 6
4740 2
4764 9
4773 8
4779 8
4784 9
4785 8
4816 6
4831 7
4841 9
4845 6
4853 9
4855 8
4870 1
4892 6
4924 9
4930 7
4946 7
4948 2
4964 8
4976 3
4999 2
