10
26 2
31 9
37 7
39 1
44 7
46 0
50 8
52 8
61 2
73 9
87 4
88 2
96 9
136 2
138 0
146 7
171 8
175 0
198 4
205 2
209 0
240 5
260 6
271 2
274 7
291 6
295 8
300 6
321 9
330 3
406 8
413 5
431 5
442 1
445 0
450 9
456 5
460 4
462 9
468 7
478 0
481 3
484 4
508 4
514 1
525 2
540 3
542 5
544 9
556 8
567 6
588 8
597 2
615 0
617 8
618 6
633 4
644 9
648 9
650 1
655 9
662 6
672 5
676 8
684 0
687 5
688 8
702 0
705 0
706 2
707 2
711 0
718 8
721 2
725 4
747 9
784 5
787 5
799 1
823 7
824 5
826 1
835 9
847 5
850 3
858 8
879 8
881 4
889 8
892 4
895 5
907 4
920 8
935 9
948 5
993 3
