10
10 2
17 5
22 2
24 7
30 4
69 0
94 9
107 7
110 7
127 0
129 7
146 3
153 5
157 2
158 8
169 4
170 1
171 6
183 4
184 8
191 8
223 9
231 8
248 6
259 2
266 5
269 0
279 9
299 5
302 4
311 1
313 7
327 4
384 0
395 9
428 2
444 0
448 7
456 2
462 6
476 0
477 9
492 2
494 0
497 6
512 5
514 0
515 3
535 1
538 0
553 8
555 8
575 2
587 7
589 8
601 7
609 6
615 9
698 6
735 3
759 6
765 0
781 5
785 3
804 3
810 2
845 6
856 3
863 7
865 5
868 4
869 0
877 5
893 0
910 1
919 9
922 1
943 3
964 9
967 9
970 6
991 7
1034 0
1046 0
1054 4
1061 5
1081 2
1085 7
1088 1
1096 8
1104 1
1117 0
1119 9
1133 8
1136 6
1137 9
1153 4
1157 7
1176 7
1198 8
1202 9
1210 2
1213 4
1235 2
1245 0
1258 3
1262 8
1269 6
1276 5
1285 7
1305 0
1312 6
1319 0
1323 2
1334 5
1344 3
1347 4
1357 8
1363 4
1377 9
1378 4
1379 3
1383 1
1391 6
1395 9
1402 3
1415 8
1419 7
1422 0
1423 2
1432 9
1459 9
1485 4
1492 5
1500 1
1504 0
1507 6
1515 9
1539 7
1541 1
1542 6
1544 6
1563 5
1569 3
1597 9
1627 6
1632 5
1637 5
1639 1
1661 9
1668 1
1677 2
1689 3
1690 5
1709 3
1714 2
1728 4
1750 2
1756 9
1767 7
1779 2
1780 8
1781 3
1784 9
1785 8
1788 3
1792 8
1795 9
1806 3
1807 6
1821 2
1837 9
1838 7
1841 1
1851 6
1864 1
1865 4
1891 8
1897 4
1902 3
1925 0
1927 4
1938 2
1954 5
1958 6
1960 2
1986 0
1996 5
1997 8
2019 8
2025 7
2026 1
2027 3
2040 7
2043 2
2054 8
2073 7
2074 3
2084 7
2085 3
2091 2
