10
1 8
11 4
18 8
25 8
29 0
32 6
60 4
91 2
98 7
112 7
123 9
127 4
169 1
172 5
196 5
211 9
215 6
232 3
248 8
268 1
273 4
337 3
348 8
360 2
377 0
379 7
385 7
392 9
400 6
405 6
443 9
444 0
452 9
492 3
495 3
499 6
524 4
537 5
545 8
546 2
549 9
557 7
559 8
563 0
564 2
565 1
575 6
580 9
588 3
594 1
603 1
632 3
636 2
651 7
681 9
688 4
710 8
711 2
714 9
715 8
717 5
729 3
734 5
741 5
745 0
754 6
770 9
779 0
785 4
787 1
788 2
789 4
832 4
844 6
863 0
872 5
910 2
920 3
932 2
951 7
955 8
956 7
958 2
978 6
979 5
980 9
985 9
991 2
1039 3
1048 6
1053 9
1078 7
1080 0
1082 3
1112 1
1114 6
1136 1
1156 4
1169 1
1171 3
1172 6
1186 9
1189 0
1198 1
1203 6
1206 5
1209 0
1241 2
1245 2
1249 1
1250 6
1257 9
1272 4
1291 8
1309 8
1316 7
1342 7
1346 9
1347 3
1356 4
1362 6
1363 4
1402 5
1425 8
1433 8
1443 3
1469 8
1470 1
1486 4
1498 9
1501 3
1502 0
1503 6
1504 1
1511 2
1520 1
1529 9
1536 5
1539 6
1540 0
1555 9
1560 1
1568 8
1583 0
1584 1
1596 7
1609 5
1610 3
1613 0
1615 8
1617 4
1619 8
1620 8
1635 1
1650 1
1654 4
1655 2
1659 2
1664 7
1667 7
1694 0
1699 5
1707 1
1718 6
1723 0
1726 5
1731 2
1740 3
1741 7
1746 7
1757 9
1778 2
1792 5
1793 5
1803 1
1813 8
1840 4
1848 8
1855 4
1863 1
1864 2
1893 8
