10
1 2
12 2
21 6
47 3
60 9
66 2
67 3
82 8
89 8
90 7
116 7
130 2
134 8
153 7
159 9
175 9
190 4
210 0
243 0
257 3
266 1
268 5
269 5
274 2
277 2
291 0
297 1
323 9
344 9
350 9
359 6
360 1
380 1
386 0
395 2
406 2
407 0
412 7
413 1
421 8
425 2
430 4
439 4
475 7
483 4
491 7
522 1
524 0
525 1
526 5
529 7
538 9
563 1
565 3
566 4
572 6
575 0
585 3
601 5
606 0
609 7
614 0
617 6
639 4
641 3
674 9
677 4
699 8
702 7
704 9
712 5
726 4
729 2
742 9
747 1
758 7
784 4
796 7
832 0
836 2
840 2
842 5
859 7
865 6
870 7
871 5
872 8
884 8
898 7
919 8
929 8
937 9
945 7
990 5
1009 4
1018 1
1023 2
1034 1
1043 8
1048 8
1053 0
1067 7
1070 3
1089 0
1097 6
1102 5
1104 0
1105 4
1114 8
1154 6
1155 6
1165 7
1185 4
1186 0
1197 5
1200 9
1210 2
1212 9
1221 5
1228 3
1230 7
1236 8
1264 4
1266 9
1270 5
1283 4
1296 8
1300 5
1305 1
1306 8
1315 6
1318 9
1322 0
1325 5
1359 2
1369 7
1370 1
1372 7
1373 7
1376 3
1377 0
1381 9
1405 2
1427 9
1439 2
1455 2
1456 6
1461 5
1462 2
1475 8
1480 3
1483 4
1489 5
1512 1
1536 7
1538 0
1563 7
1568 2
1569 3
1593 3
1596 1
1597 8
1598 6
1618 1
1639 4
1641 7
1653 5
1663 6
1666 6
1670 3
1678 0
1682 1
1684 4
1686 0
1693 8
1696 7
1698 4
1702 1
1711 3
1717 6
1723 4
1725 4
1733 5
1734 0
1743 3
1800 4
1804 9
1830 1
1844 1
1855 2
1860 7
1876 1
1914 1
1915 1
1920 8
1936 6
1964 5
1967 7
2006 7
2021 3
2044 5
2062 5
2064 9
2069 4
2075 0
2077 6
2078 6
2083 2
2088 8
2091 5
2104 9
2119 9
2133 6
2153 9
2161 8
2168 3
2170 3
2179 8
2188 5
2205 4
2208 0
2211 8
2226 8
2228 2
2233 2
2252 2
2259 4
2279 3
2312 4
2323 7
2330 4
2332 0
2358 7
2364 2
2367 8
2368 5
2383 4
2399 2
2414 1
2455 9
2484 7
2486 0
2498 4
2507 7
2536 2
2543 6
2549 9
2553 3
2570 9
2580 1
2583 4
2588 8
2599 5
2600 3
2607 2
2608 9
2613 6
2619 7
2638 4
2667 7
2688 7
2697 5
2706 5
2708 6
2713 1
2718 8
2722 0
2736 6
2741 9
2745 2
2755 4
2757 8
2772 2
2783 2
2821 2
2827 0
2858 6
2864 0
2872 8
2879 7
2890 9
2912 5
2914 9
2921 1
2922 8
2929 1
2940 7
2946 6
2980 0
2984 8
2986 7
2991 6
3013 1
3015 5
3016 6
3026 9
3047 0
3054 0
3065 8
3068 5
3090 4
3108 4
3110 1
3115 2
3123 2
3140 4
3146 7
3149 8
3160 5
3163 7
3171 4
3181 6
3196 3
3199 4
3211 2
3219 3
3222 6
3256 6
3273 4
3297 0
3329 9
3346 0
3349 2
3351 1
3401 8
3409 1
3424 1
3460 2
3479 6
3494 4
3496 8
3500 6
3502 0
3507 5
3513 6
3520 5
3533 2
3552 8
3562 1
3570 6
3574 3
3579 7
3589 0
3591 3
3611 0
3663 5
3665 3
3676 6
3708 6
3718 6
3719 2
3726 9
3729 0
3733 9
3742 4
3749 3
3754 9
3755 9
3775 4
3780 4
3787 6
3812 6
3817 2
3849 8
3855 7
3859 2
3870 4
3897 9
3915 7
3917 1
3920 4
3928 4
3954 4
3958 5
4000 1
4001 1
4002 5
4010 9
4023 9
4047 2
4076 0
4080 9
4089 7
4107 0
4113 1
4124 5
4134 7
4136 5
4141 1
4150 8
4153 2
4158 6
4160 1
4168 3
4169 9
4170 3
4185 6
4187 7
