10
11 9
33 4
40 4
44 8
50 7
65 3
69 5
80 8
88 5
89 4
91 5
99 4
104 7
120 8
155 5
157 6
173 9
185 2
190 2
198 3
204 8
208 0
211 9
218 8
247 3
255 2
261 0
262 3
287 6
298 7
299 3
316 6
325 7
326 6
336 7
337 2
346 8
376 1
382 4
384 2
387 0
397 1
404 2
412 1
440 6
447 6
460 2
465 7
476 2
494 8
503 6
509 2
516 5
520 1
537 6
550 6
559 3
560 6
578 7
581 4
582 4
587 2
629 3
633 1
639 3
641 2
644 3
651 5
665 8
678 5
688 1
697 3
743 8
744 1
754 9
758 7
780 3
795 9
803 0
814 4
825 0
837 7
865 9
868 4
950 4
979 0
994 8
999 9
1013 6
1016 0
1021 6
1028 5
1032 6
1035 7
1044 9
1050 0
1051 7
1058 2
1061 3
1086 9
1090 0
1097 2
1101 3
1102 4
1104 0
1111 8
1113 4
1114 0
1120 0
1158 2
1177 7
1185 2
1193 3
1218 3
1228 5
1242 1
1245 0
1246 5
1247 5
1250 0
1257 5
1267 0
1302 9
1310 9
1312 0
1313 8
1318 5
1320 3
1321 5
1332 9
1336 7
1356 8
1365 9
1366 0
1371 3
1377 9
1379 2
1413 6
1466 4
1468 3
1478 7
1486 7
1487 5
1497 3
1507 7
1511 8
1521 5
1528 7
1547 0
1554 0
1561 0
1576 2
1577 8
1591 0
1597 9
1610 2
1615 7
1657 2
1683 4
1705 4
1732 0
1759 1
1769 3
1798 4
1803 9
1804 9
1807 7
1811 7
1824 3
1835 5
1845 5
1849 7
1859 5
1861 1
1883 2
1896 1
1902 7
1903 2
1919 9
1926 8
1930 7
1963 0
1965 0
1986 4
1988 8
2007 2
2015 2
2037 2
2058 7
2067 0
2068 0
2070 9
2078 2
2086 4
2091 6
2099 0
2106 5
2108 5
2129 1
2131 4
2141 5
2143 5
2145 5
2165 9
2178 9
2203 3
2210 8
2215 4
2232 8
2251 9
2254 1
2267 8
2278 6
2282 0
2283 3
2294 5
2314 0
2333 4
2348 8
2354 9
2356 0
2371 9
2372 2
2381 5
2385 4
2387 8
2416 4
2441 1
2457 9
2476 8
2477 8
2480 3
2499 3
2500 8
2512 0
2518 8
2523 4
2541 8
2550 8
2555 5
2582 7
2585 5
2608 8
2625 8
2631 3
2633 1
2638 8
2700 2
2711 0
2719 5
2724 8
2745 0
2747 3
2757 5
2762 0
2775 7
2808 9
2823 9
2827 2
2834 3
2836 7
2840 8
2841 0
2844 3
2859 0
2862 5
2864 6
2873 0
2884 2
2887 5
2909 4
2918 3
2919 8
2922 1
2925 8
2949 1
2977 1
2980 2
2986 5
3007 3
3008 5
3030 0
3034 1
3053 4
3056 2
3058 0
3085 5
3091 4
3097 1
3109 1
3114 4
3128 1
3141 8
3142 9
3144 6
3170 3
3179 7
3184 0
3187 3
3190 7
3194 7
3201 7
3213 5
3219 9
3223 7
3224 5
3250 9
3255 4
3262 3
3267 1
3274 2
3314 2
3350 8
3357 6
3362 3
3367 6
3374 0
3381 6
3383 0
3385 3
3387 0
3389 3
3395 0
