10
13 7
35 9
48 5
58 7
67 1
71 1
89 1
90 2
106 2
109 2
113 9
115 2
118 4
145 6
183 5
186 3
196 6
200 1
211 1
218 1
244 4
254 2
258 6
275 3
287 2
294 1
307 4
310 9
324 6
328 4
332 5
333 0
339 5
349 3
373 4
379 8
386 5
399 4
411 7
423 1
426 3
431 2
444 6
448 0
455 6
463 8
483 2
510 6
513 6
523 7
527 1
546 3
549 2
563 9
567 3
573 7
576 9
582 8
586 6
587 9
595 8
597 5
598 8
604 7
624 2
646 7
683 7
689 3
700 0
702 2
706 2
722 1
749 0
762 4
806 5
810 1
812 7
813 8
816 1
830 7
835 4
859 3
868 2
888 9
910 1
939 0
941 3
944 2
949 2
972 2
975 7
983 9
991 2
999 3
1008 1
1040 5
1053 4
1056 8
1057 9
1075 7
1081 1
1100 7
1109 6
1110 5
1116 4
1139 2
1146 8
1185 6
1202 2
1207 9
1208 0
1214 3
1224 2
1242 5
1250 3
1257 3
1271 2
1282 7
1288 4
1289 6
1309 2
1327 9
1338 3
1351 1
1357 9
1358 3
1361 4
1399 9
1400 6
1404 5
1421 2
1448 1
1468 5
1474 7
1478 9
1502 9
1503 7
1515 0
1528 4
1535 4
1545 4
1557 8
1583 1
1586 5
1589 7
1599 4
1630 8
1631 6
1664 3
1665 3
1672 4
1691 3
1706 1
1709 5
1723 3
1747 2
1764 6
1796 1
1803 2
1815 1
1820 0
1844 8
1852 3
1871 3
1873 0
1885 3
1887 6
1894 0
1905 5
1912 2
1917 6
1925 8
1937 7
1946 4
1961 2
1972 4
2005 4
2017 2
2033 8
2037 1
2041 7
2049 5
2051 2
2058 7
2059 8
2073 3
2076 2
2085 6
2086 0
2104 5
2108 5
2128 5
2135 5
2138 1
2155 8
2169 9
2170 3
2173 1
2210 5
2215 3
2231 4
2252 0
2262 9
2276 4
2280 7
2281 8
2292 9
2307 1
2337 1
2340 1
2341 8
2349 9
2353 2
2371 6
2376 6
2384 1
2385 4
2414 0
2433 4
2440 0
2449 2
2460 5
2489 7
2495 7
2510 3
2513 8
2550 1
2557 2
2561 8
2562 0
2564 5
2566 1
2576 5
2580 7
2589 0
2596 2
2599 3
2604 7
2628 1
2630 6
2639 3
2640 0
2656 0
2657 3
2664 4
2672 2
2674 1
2677 5
2681 4
2686 4
2693 9
2694 8
2715 7
2730 7
2741 6
2750 0
2751 7
2757 0
2770 5
2771 3
2824 2
2832 2
2835 0
2837 7
2844 5
2847 1
2852 7
2853 5
2871 4
2876 2
2882 3
2889 7
2897 5
2907 1
2912 2
2924 9
2929 8
2938 3
2942 1
2945 3
2961 4
2962 9
2969 5
2971 7
2978 1
2979 6
3003 0
3004 4
3009 6
3014 1
3031 6
3033 1
3037 8
3038 9
3055 2
3065 8
3073 1
3076 2
3095 6
3097 5
3119 8
3122 6
3143 8
3151 7
3164 6
3168 8
3194 1
3209 5
3213 7
3219 9
3222 7
3232 8
3238 8
3255 1
3256 9
3259 0
3269 8
3276 1
3283 9
3295 3
3304 2
3308 3
3320 8
3321 2
3322 2
3328 1
3333 6
3349 3
3355 2
3371 0
3422 8
3429 3
3458 1
3469 2
3484 6
3491 2
3493 8
3496 9
3504 9
3507 6
3515 3
3523 1
3542 9
3547 4
3556 1
3592 7
3597 7
3610 6
3626 3
3632 5
3633 6
3646 3
3674 5
3685 9
3693 4
3704 8
3741 9
3779 8
3785 3
3787 1
3809 1
3815 4
3818 6
3858 2
3868 7
3879 4
3882 2
3888 7
3890 9
3895 1
3901 4
3905 0
3912 8
3915 6
3919 6
3922 8
3932 8
3940 5
3946 4
3954 9
3973 5
3976 5
3982 4
3983 2
3988 5
3998 6
4021 4
4024 4
4025 9
4081 7
4100 7
4120 2
4138 9
4146 2
4147 5
4188 7
4193 2
4208 5
4216 7
4222 9
4229 7
4231 3
4235 4
4264 0
4277 7
4283 4
4290 4
4301 9
4316 7
4325 1
4340 9
4360 0
4361 6
4370 1
4380 5
4393 3
4394 6
