10
0 8
5 2
10 2
45 8
49 0
52 6
66 8
74 5
76 6
79 6
86 1
91 7
114 5
124 0
126 5
128 0
135 8
139 5
145 0
151 7
161 1
177 6
193 7
194 6
204 2
205 5
212 0
216 9
229 4
234 6
239 0
241 8
260 1
263 3
269 2
273 0
278 1
298 3
300 9
308 7
313 7
319 2
343 7
355 5
369 2
372 2
375 4
382 1
396 3
404 8
405 9
407 7
420 7
440 1
442 2
444 2
450 9
451 5
459 0
495 2
501 0
521 8
537 9
544 1
554 9
572 1
573 7
584 5
608 9
637 4
646 7
651 2
657 9
668 8
681 1
684 6
686 9
745 1
790 3
797 2
809 2
813 7
822 2
823 4
854 7
860 5
873 3
885 5
893 5
919 3
922 3
933 3
978 7
980 3
1000 9
1008 8
1010 5
1011 7
1036 9
1037 2
1038 2
1067 3
1082 1
1097 0
1112 8
1113 1
1115 1
1124 3
1125 1
1129 7
1131 0
1135 2
1148 6
1155 3
1163 9
1164 4
1166 6
1169 2
1180 0
1193 9
1198 6
1205 4
1211 5
1224 4
1246 8
1266 4
1277 9
1284 0
1286 9
1294 7
1296 9
1302 4
1319 0
1358 4
1379 2
1414 6
1425 0
1427 6
1432 6
1437 2
1443 3
1451 9
1460 5
1463 7
1471 1
1484 8
1495 6
1501 1
1511 4
1514 6
1535 7
1557 9
1566 7
1567 7
1580 6
1588 2
1603 1
1607 4
1612 1
1615 0
1616 3
1618 3
1619 8
1639 9
1644 4
1649 2
1666 5
1667 8
1682 0
1697 6
1704 5
1723 8
1728 8
1739 5
1746 3
1777 9
1778 1
1780 0
1784 7
1788 3
1791 4
1800 1
1803 5
1807 8
1809 2
1819 1
1846 3
1848 6
1850 1
1858 3
1862 4
1866 1
1869 8
1889 1
1903 2
1934 3
1947 7
1950 5
2007 4
2019 8
2048 7
2055 1
2091 6
2092 2
2095 2
2104 3
2108 3
2110 2
2116 0
2123 7
2127 5
2131 4
2132 8
2139 8
2150 8
2175 0
2188 5
2254 3
2255 6
2256 0
2258 0
2280 7
2291 0
2299 9
2302 0
2309 5
2322 8
2329 4
2350 3
2353 0
2356 9
2359 8
2360 7
2395 9
2401 9
2414 7
2420 4
2458 3
2466 2
2468 6
2487 3
2489 7
2491 5
2492 9
2513 1
2517 2
2533 6
2545 0
2547 6
2548 4
2549 0
2559 5
2568 7
2570 3
2581 5
2584 9
2586 7
2606 7
2629 2
2645 5
2651 9
2666 7
2669 0
2677 9
2687 0
2694 8
2706 5
2716 1
2718 4
2720 5
2743 8
2749 2
2750 1
2758 4
2782 5
2788 6
2801 5
2802 5
2804 4
2835 9
2852 8
2885 4
2886 2
2888 7
2897 4
2909 1
2920 1
2926 7
2928 1
2937 6
2939 1
2941 4
2946 4
2949 8
2966 5
2972 0
2975 4
2981 6
2982 7
2989 7
3014 8
3029 1
3032 2
3039 9
3042 1
3083 5
3094 2
3108 9
3135 7
3136 6
3137 8
3148 4
3152 9
3157 1
3172 2
3188 5
3196 0
3229 0
3232 1
3234 0
3238 7
3306 1
3313 0
3315 8
3323 5
3329 5
3331 1
3369 9
3393 9
3402 0
3406 9
3424 6
3434 6
3441 2
3448 4
3451 0
3461 0
3478 5
3494 2
3504 6
3508 9
3542 8
3551 7
3569 5
3575 5
3576 5
3607 5
3610 6
3622 6
3624 8
3628 7
3654 1
3655 5
3703 6
3708 5
3712 5
3719 3
3731 0
3740 8
3741 9
3751 4
3753 2
3779 4
3785 6
3786 3
3795 9
3802 5
3804 8
3806 3
3812 8
3815 8
3834 8
3836 9
3854 4
3859 6
3860 2
3863 7
3874 7
3876 7
3878 6
3890 6
3894 3
3906 8
3907 5
3916 6
3920 0
3947 8
3957 9
3968 7
3970 8
3975 2
3988 6
4008 9
4017 6
4027 8
4049 3
4054 6
4087 5
4088 1
4092 5
4094 9
4134 1
4137 7
4161 2
4188 4
4247 3
4274 8
4282 0
4310 0
4312 0
4319 3
4348 3
4351 0
4353 3
4356 2
4361 0
4366 0
4369 1
4371 5
4382 2
4395 6
4408 5
4425 2
4448 8
4449 5
4458 3
4463 1
4468 0
4475 0
4479 3
4514 5
4541 4
4553 9
4557 5
4582 2
4589 5
4590 1
4596 7
4606 9
4609 0
4619 3
4639 1
4644 6
4664 9
4669 1
4682 2
4686 6
4690 4
4700 3
4711 6
4728 8
4730 0
4733 8
4745 5
4776 4
4777 0
4792 0
4808 3
4826 2
4842 1
4907 9
4925 5
4927 7
4943 9
4947 0
4968 5
4969 5
4975 4
4977 9
4987 2
5019 6
5025 8
5030 9
5032 8
5044 4
5046 9
5059 7
5062 9
5064 6
5086 2
5094 6
5100 9
5107 3
5108 0
5120 2
5130 9
5138 8
5159 8
5164 6
5170 2
5173 5
5174 4
5179 1
5192 0
5215 5
5216 0
5239 3
5256 3
5272 3
5278 6
5291 6
5305 7
5307 6
5309 9
5329 9
5331 8
5333 8
5342 2
5344 9
5347 7
5352 7
5353 6
5362 0
5364 6
5366 7
5426 4
5432 2
5433 4
5442 8
5447 1
5453 0
5502 1
5513 1
5524 3
5527 1
5529 1
5552 1
5555 1
5557 0
5567 0
5570 4
5572 1
5577 6
5579 5
5580 8
5595 7
5599 8
5604 8
5618 3
5637 0
5647 7
5648 7
5657 2
5662 5
5664 7
5671 8
5691 7
5701 8
5706 8
5709 9
5733 2
5749 7
5787 4
5805 8
5814 4
5822 7
5837 1
5869 1
5881 3
5903 6
5926 4
5936 9
5942 9
5943 5
5945 1
5948 2
5962 1
5981 7
5990 9
5997 2
6013 3
6021 4
6031 9
6034 4
6036 0
6047 1
6072 4
6079 0
6095 0
6120 7
6123 4
6126 1
6154 1
6183 1
6184 6
6185 8
6193 8
6194 2
6204 8
6205 6
6222 0
6243 5
6249 9
6254 4
6257 4
6274 1
6278 4
6309 8
6326 2
6330 1
6331 9
6346 1
6350 3
6361 4
6367 1
6387 3
6389 9
6397 7
6399 7
6403 9
6408 7
6413 7
6417 0
6420 9
6441 7
6453 3
6458 6
6469 2
6472 6
6475 3
6500 9
6505 1
6532 1
6534 4
6556 2
6580 8
6582 9
6586 5
6588 5
6594 5
6597 8
6599 2
6614 1
6623 3
6631 8
6650 8
6657 0
6663 6
6686 5
6725 0
6730 1
6740 0
6743 1
6744 5
6750 5
6762 0
6765 0
6771 8
6815 0
6817 9
6831 2
6865 9
6873 8
6875 9
6894 3
6901 4
6903 4
6917 9
6919 5
6927 7
6947 0
6996 6
7000 7
7001 6
7013 6
7033 9
7041 6
7049 3
7050 9
7054 0
7055 2
7071 8
7072 4
7083 9
7084 3
7097 1
7101 4
7113 2
7127 9
7129 1
7139 0
7168 9
7171 8
7194 3
7196 3
7216 8
7222 1
7224 0
7237 6
7247 3
7253 2
7255 2
7261 8
7281 5
7295 7
7300 1
7311 1
7313 4
7324 2
7347 8
7362 2
7365 1
7369 9
7374 0
7384 2
7409 1
7410 2
7430 8
7432 8
7454 4
7467 8
7471 4
7491 3
7499 7
7500 2
7503 4
7507 2
7519 3
7539 2
7567 8
7619 2
7665 0
7669 7
7675 5
7685 9
7693 3
7696 7
7705 5
7711 3
7732 0
7736 4
7741 7
7750 0
7772 6
7778 9
7782 4
7842 2
7844 0
7867 7
7879 0
7885 5
7890 5
7892 0
7915 1
7921 0
7935 2
7941 7
7952 7
7953 5
7975 6
7982 8
7994 3
8002 3
8012 7
8019 2
8031 3
8038 1
8041 4
8044 9
8048 1
8073 7
8074 8
8093 7
8104 4
8107 0
8113 5
8122 7
8126 0
8130 0
8134 8
8137 2
8151 4
8159 9
8173 4
8186 7
8194 8
8197 6
8241 7
8262 6
8282 1
8291 2
8292 0
8304 5
8307 4
8314 3
8317 1
8329 2
8339 5
8340 1
8352 2
8374 9
8381 2
8390 3
8394 7
8398 2
8399 7
