10
0 0
51 9
53 8
61 3
63 2
64 6
66 1
72 3
79 3
89 6
93 4
99 9
103 5
119 0
184 3
196 0
208 7
224 3
227 8
229 9
236 2
245 8
263 6
267 9
277 2
292 3
298 1
311 2
318 7
343 6
347 7
361 2
363 4
372 8
373 3
391 4
397 3
437 9
451 6
452 8
459 7
467 6
469 3
471 3
488 8
507 8
532 1
538 0
541 0
552 7
554 6
565 2
572 7
589 6
590 5
592 2
617 8
619 2
633 8
643 5
644 1
646 2
661 1
677 7
690 1
697 7
701 4
711 6
712 6
720 9
725 3
742 7
746 5
763 9
765 3
784 3
787 5
804 1
822 7
825 0
856 3
859 3
866 0
871 6
873 8
877 4
880 2
886 4
893 4
897 2
908 2
923 8
937 4
942 6
943 3
954 2
959 2
979 9
988 3
997 8
1007 9
1029 6
1060 3
1074 3
1076 5
1079 8
1090 7
1108 7
1119 8
1142 6
1148 4
1161 5
1183 6
1187 0
1196 8
1199 0
1217 4
1218 8
1222 9
1239 2
1242 6
1249 7
1270 0
1271 7
1272 5
1274 4
1289 7
1300 9
1309 5
1317 5
1331 9
1363 4
1386 1
1398 7
1401 4
1446 4
1456 2
1465 2
1466 6
1470 7
1472 6
1474 2
1478 1
1504 5
1508 0
1514 2
1526 6
1533 4
1542 8
1546 0
1548 0
1556 0
1593 1
1595 7
1600 8
1602 2
1609 1
1639 2
1659 7
1660 1
1670 5
1672 0
1684 2
1691 1
1699 1
1700 2
1719 2
1722 6
1731 4
1741 8
1751 7
1759 6
1786 5
1811 6
1837 4
1841 0
1842 3
1843 3
1848 3
1852 7
1854 1
1871 4
1877 1
1894 2
1899 0
1907 4
1912 5
1914 9
1920 8
1931 2
1932 1
1938 1
1950 4
1952 4
1954 0
1956 5
1959 1
1990 5
1997 5
2029 4
2034 4
2035 3
2039 8
2055 2
2085 4
2096 6
2098 1
2112 0
2123 8
2149 9
2187 3
2191 9
2218 4
2232 4
2252 2
2264 1
2267 5
2270 1
2279 7
2288 7
2301 8
2307 0
2328 3
2330 3
2336 4
2344 4
2352 9
2358 6
2370 9
2395 8
2398 2
2419 1
2449 1
2463 2
2471 2
2487 4
2489 0
2490 8
2495 3
2501 3
2510 0
2511 9
2523 1
2542 9
2550 6
2581 5
2597 6
2625 9
2636 4
2637 8
2649 6
2650 0
2680 7
2681 7
2702 8
2743 1
2745 0
2773 5
2788 1
2789 4
2806 0
2812 8
2833 8
2854 3
2856 7
2873 3
2879 6
2886 1
2898 6
2899 7
2905 6
2911 4
2925 7
2926 4
2943 2
2960 3
2964 7
2967 6
2975 9
2992 9
3003 0
3025 9
3051 9
3061 7
3084 4
3086 8
3091 6
3095 6
3108 8
3109 9
3119 1
3128 5
3129 8
3145 8
3149 4
3173 1
3177 6
3190 7
3191 3
3202 7
3219 2
3221 0
3223 7
3227 7
3231 8
3242 3
3256 7
3259 5
3263 4
3278 7
3335 4
3337 8
3343 5
3348 5
3350 8
3355 4
3391 3
3397 3
3410 8
3417 8
3425 8
3430 0
3435 2
3466 7
3508 8
3526 3
3532 2
3538 0
3542 5
3543 3
3562 0
3582 2
3616 2
3618 4
3628 6
3641 0
3686 9
3689 8
3693 3
3700 7
3710 9
3735 4
3737 8
3741 6
3748 5
3757 6
3770 4
3777 5
3781 2
3787 9
3802 5
3805 3
3807 7
3813 7
3825 7
3842 0
3845 2
3849 6
3853 5
3864 0
3865 7
3868 4
3877 8
3881 1
3885 0
3886 5
3905 7
3933 2
3947 9
3949 8
3961 2
3962 4
3981 5
3984 5
3987 3
4007 3
4021 2
4025 9
4035 2
4038 6
4040 0
4054 0
4069 6
4075 0
4093 4
4098 8
4101 5
4114 4
4125 6
4133 9
4148 4
4149 2
4152 0
4168 7
4174 0
4212 3
4215 3
4219 9
4223 2
4227 5
4231 1
4240 2
4241 2
4254 4
4259 1
4261 7
4276 9
4287 8
4298 1
4303 0
4320 6
4328 0
4341 3
4343 1
4351 1
4369 0
4379 4
4408 1
4421 5
4441 2
4462 0
4464 3
4465 1
4468 8
4472 5
4486 8
4491 1
4501 8
4508 3
4548 6
4549 3
4552 7
4577 3
4594 7
4600 0
4612 0
4615 8
4616 5
4618 9
4628 1
4629 4
4650 5
4681 4
4682 0
4687 3
4713 8
4717 3
4721 5
4727 1
4728 1
4747 3
4761 1
4765 8
4777 2
4780 1
4786 5
4800 7
4835 7
4843 1
4851 8
4852 1
4857 6
4864 1
4885 0
4888 2
4894 7
4907 0
4909 9
4935 6
4954 6
4962 3
4974 8
4977 3
5008 5
5015 5
5017 8
5018 0
5039 5
5041 9
5045 6
5066 9
5070 4
5094 5
5105 0
5169 7
5172 1
5176 9
5196 1
5204 9
5207 3
5220 0
5229 3
5231 7
5249 8
5265 4
5279 7
5289 4
5310 2
5315 4
5324 6
5339 5
5357 9
5360 8
5387 3
5396 7
5399 9
5405 4
5406 4
5407 5
5410 9
5420 8
5426 0
5430 8
5435 7
5446 3
5447 8
5480 3
5486 8
5505 5
5521 1
5522 1
5538 1
5543 4
5544 2
5557 9
5575 6
5581 9
5586 1
5596 2
5604 4
5605 0
5609 0
5613 3
5637 2
5650 5
5666 4
5668 5
5688 2
5690 6
5705 2
5712 8
5714 1
5727 8
5745 0
5753 9
5760 8
5802 0
5806 5
5809 6
5839 3
5864 7
5886 6
5907 8
5913 6
5922 0
5939 7
5942 0
5944 6
5956 9
5967 6
5974 4
5982 9
5991 9
6009 5
6024 3
6025 5
6039 8
6043 5
6046 9
6049 0
6050 5
6051 7
6064 8
6069 4
6075 2
6078 2
6091 8
6092 3
6094 8
6120 8
6149 1
6158 9
6162 4
6163 3
6164 1
6184 1
6197 2
6204 9
6205 2
6207 0
6211 9
6215 0
6224 8
6243 7
6252 6
6271 9
6272 6
6276 9
6281 2
6289 7
6303 2
6307 2
6312 2
6322 8
6323 8
6333 4
6344 1
6350 6
6380 8
6394 3
6406 8
6418 4
6438 6
6446 7
6450 4
6459 2
6460 0
6476 5
6482 2
6501 4
6524 0
6526 0
6538 4
6563 9
6565 1
6582 0
6609 7
6634 1
6656 8
6660 9
6672 3
6682 8
6713 8
6748 8
6751 2
6754 5
6767 8
6782 4
6783 3
6787 2
6803 4
6804 0
6807 5
6818 8
6842 0
6844 0
6862 7
6864 2
6865 1
6915 3
6929 7
6930 9
6946 2
6949 1
6958 9
6983 5
6987 3
6990 8
6997 6
7018 8
7019 4
7021 4
7027 2
7032 6
7045 4
7046 2
7058 9
7072 8
7074 5
7079 4
7080 4
7099 9
