10
42 4
52 9
68 5
70 6
73 3
78 7
86 8
94 6
96 8
115 1
118 0
123 9
141 9
154 1
163 0
167 0
180 0
201 3
207 1
209 3
210 4
225 4
255 2
265 8
270 2
293 5
298 9
300 1
308 7
319 3
322 7
324 6
339 8
390 8
394 6
400 1
408 2
415 1
426 4
441 5
456 9
458 5
459 5
465 2
479 4
488 2
493 9
497 8
525 6
526 1
529 3
535 2
536 4
551 4
569 5
570 8
579 9
586 3
598 5
611 6
618 5
622 3
627 9
640 5
670 4
700 3
730 9
734 1
735 1
758 1
762 5
764 6
771 0
800 2
803 1
805 4
811 6
837 7
838 2
848 4
855 4
859 0
864 3
867 4
883 1
886 3
892 2
893 0
901 7
907 6
913 5
937 8
943 9
981 1
983 0
1029 5
1032 3
1033 6
1041 6
1048 1
1065 2
1069 7
1071 1
1072 0
1077 4
1079 7
1087 2
1092 4
1106 6
1107 7
1132 0
1135 2
1142 4
1160 0
1162 8
1171 3
1190 3
1195 3
1196 4
1198 2
1235 3
1238 9
1239 4
1250 2
1258 8
1263 4
1272 3
1276 2
1289 2
1302 6
1324 3
1325 1
1336 6
1350 4
1353 8
1356 8
1389 0
1395 1
1402 4
1425 7
1433 8
1436 5
1445 2
1453 0
1470 9
1492 0
1509 7
1510 3
1511 4
1525 7
1527 4
1561 9
1572 7
1573 1
1584 5
1592 4
1597 2
1601 7
1603 8
1622 1
1623 9
1625 8
1626 8
1629 5
1676 6
1713 6
1717 0
1727 6
1731 4
1733 3
1736 8
1744 4
1751 5
1754 1
1764 4
1776 4
1778 3
1803 5
1804 0
1809 1
1824 3
1826 8
1828 5
1834 4
1840 3
1842 4
1858 0
1859 5
1882 7
1894 1
1902 8
1906 8
1909 8
1914 5
1944 7
1948 8
1950 3
1953 2
1955 9
1957 0
1958 7
1959 0
1991 6
1996 9
2008 3
2025 2
2050 3
2064 8
2087 2
2094 3
2100 3
2104 5
2108 7
2119 5
2123 1
2136 2
2139 1
2151 9
2164 8
2168 8
2172 2
2181 2
2190 7
2203 6
2208 5
2218 9
2234 5
2260 7
2266 3
2270 0
2278 8
2299 9
2316 1
2326 8
2363 4
2387 5
2412 7
2414 5
2422 9
2424 9
2429 8
2438 5
2443 2
2448 2
2451 6
2455 2
2467 3
2476 8
2481 8
2497 9
2529 1
2534 9
2550 0
2554 3
2557 8
2564 5
2575 4
2578 8
2580 8
2617 8
2625 6
2633 5
2634 0
2653 8
2659 4
2671 0
2715 4
2727 7
2729 6
2732 9
2733 6
2772 3
2783 1
2785 7
2789 4
2793 7
2794 5
2803 8
2816 2
2830 2
2854 8
2857 9
2871 2
2878 4
2880 1
2908 4
2910 3
2927 4
2971 8
2984 1
2986 5
2996 2
3000 4
3005 7
3016 0
3018 1
3020 5
3024 5
3025 2
3034 7
3054 1
3059 9
3068 7
3075 7
3081 8
3084 4
3090 1
3098 1
3101 8
3110 2
3113 2
3115 3
3116 6
3124 9
3143 1
3145 4
3157 5
3160 2
3161 3
3176 4
3206 1
3208 9
3211 2
3227 8
3231 3
3237 8
3247 0
3251 3
3271 3
3279 7
3283 7
3303 5
3305 8
3308 2
3310 8
3316 3
3330 7
3341 1
3346 3
3351 3
3382 1
3404 6
3407 9
3413 1
3419 2
3450 1
3455 2
3465 8
3467 5
3485 0
3492 9
3493 5
3499 7
3502 4
3503 5
3528 5
3534 7
3539 9
3541 2
3546 8
3547 5
3556 2
3559 3
3568 6
3571 2
3580 9
3590 4
3593 0
3595 0
3608 2
3623 3
3629 7
3668 7
3677 5
3692 6
3716 1
3723 3
3726 2
3732 5
3734 7
3757 9
3760 9
3767 0
3773 0
3780 0
3799 5
3803 7
3805 6
3815 9
3828 6
3833 4
3835 2
3852 4
3864 9
3866 6
3873 8
3906 3
3916 6
3921 7
3926 6
3933 8
3934 0
3948 2
3969 3
3973 5
3980 7
4000 8
4002 1
4047 3
4068 5
4079 3
4092 9
4097 1
4098 1
4115 3
4121 1
4122 5
4136 2
4139 6
4147 1
4170 8
4173 2
4189 5
4194 9
4198 7
4203 9
4228 5
4235 2
4236 5
4239 1
4251 5
4257 0
4258 6
4266 9
4279 4
4285 7
4289 7
4315 3
4324 9
4347 9
4378 6
4389 8
4423 3
4435 7
4445 3
4452 8
4471 8
4479 4
4482 9
4490 8
4503 9
4506 8
4543 0
4564 7
4565 8
4569 8
4570 6
4581 2
4583 9
4586 3
4599 7
4610 4
4627 5
4634 2
4659 4
4684 3
4693 5
4697 2
4742 4
4743 5
4749 0
4756 9
4757 1
4762 7
4803 6
4804 1
4809 5
4823 4
4830 2
4840 5
4842 5
4851 1
4855 5
4856 1
4885 0
4891 2
4904 6
4926 2
4933 6
4963 6
4980 3
4982 1
5016 5
5022 1
5025 2
5061 9
5067 3
5077 4
5086 0
5093 0
5095 1
5105 3
5115 5
5119 5
5123 4
5141 9
5164 6
5198 5
5209 3
5215 0
5219 5
5222 2
5224 8
5258 5
5270 1
5296 8
5328 1
5335 5
5346 0
5348 7
5370 8
5374 5
5401 8
5437 0
5443 1
5447 3
5449 0
5452 7
5476 9
5495 8
5503 6
5508 2
5510 2
5516 7
5519 7
5521 1
5557 3
5562 6
5575 2
5585 5
5589 9
5596 6
5599 3
5601 2
5604 3
5612 3
5633 4
5644 0
5647 6
5652 4
5656 4
5667 2
5676 8
5686 9
5703 4
5769 0
5809 9
5810 7
5817 1
5818 6
5826 3
5833 8
5834 7
5835 6
5840 1
5850 6
5853 5
5881 0
5885 9
5891 1
5898 9
5919 0
5920 6
5925 3
5934 8
5938 9
5944 9
5946 0
5969 6
5982 4
5996 0
6006 4
6011 0
6018 6
6025 0
6039 5
6043 4
6048 8
6054 9
6058 1
6059 8
6062 0
6071 4
6120 3
6125 4
6129 5
6146 7
6156 2
6162 2
6176 7
6177 7
6185 0
6197 5
6208 8
6218 3
6234 4
6235 9
6255 2
6306 7
6320 3
6346 8
6351 6
6382 2
6399 8
6413 8
6445 0
6448 3
6468 4
6470 9
6503 8
6523 1
6542 6
6545 0
6552 3
6568 1
6574 6
6583 3
6606 7
6611 2
6618 0
6628 8
6633 7
6639 7
6640 5
6644 8
6653 8
6654 4
6657 7
6659 7
6666 8
6684 6
6688 0
6689 4
6699 5
6704 2
6709 7
6719 9
6723 0
6735 2
6737 4
6752 4
6771 1
6782 8
6783 9
6789 1
6809 3
6811 3
6817 2
6843 6
6862 5
6881 3
6899 7
6900 1
6906 1
6907 1
6908 6
6913 3
6922 6
6931 0
6967 1
6985 9
6989 7
7002 8
7004 4
7007 1
7015 4
7017 2
7026 5
7041 7
7053 5
7057 3
7058 8
7060 3
7063 3
7069 8
7128 8
7131 6
7147 0
7155 8
7165 2
7173 7
7174 2
7179 7
7200 8
7206 1
7210 8
7215 1
7216 7
7218 5
7228 7
7237 1
7238 4
7242 9
7267 1
7270 9
7274 2
7280 5
7285 4
7311 5
7316 5
7318 4
7376 4
7390 7
7394 5
7404 9
7419 4
7422 5
7426 0
7429 5
7461 7
7469 1
7478 9
7483 3
7491 9
7493 1
7504 6
7515 0
7520 6
7547 3
7558 4
7588 2
7606 9
7612 9
7623 7
7625 4
7640 9
7653 0
7655 4
7674 3
7688 2
7716 5
7718 4
7731 7
7739 9
7754 9
7766 9
7779 7
7789 8
7791 3
7794 1
7795 3
7807 9
7830 1
7842 7
7873 7
7875 2
7876 9
7878 3
7912 3
7913 6
7915 3
7933 0
7945 6
7962 7
8036 2
8040 4
8049 6
8067 2
8072 7
8075 2
8082 2
8094 4
