10
16 1
18 5
23 5
39 3
43 2
49 8
77 9
92 9
93 5
112 5
132 8
145 6
162 5
172 0
233 7
243 8
246 2
251 7
255 3
268 3
278 0
294 8
298 8
307 3
315 6
325 9
347 4
349 7
364 0
369 4
388 6
392 9
395 4
401 0
425 9
427 7
433 2
434 6
447 9
461 8
465 9
485 9
502 9
508 5
509 1
514 5
517 3
523 1
530 2
546 3
550 8
553 9
555 6
566 6
584 7
588 6
609 3
612 6
633 6
638 9
648 4
683 2
684 0
692 5
696 0
698 2
706 7
707 2
709 9
710 2
718 0
723 8
736 9
744 0
749 7
771 6
773 0
775 0
806 4
822 6
832 1
837 7
841 7
844 2
863 2
887 4
932 6
939 0
943 6
945 6
949 2
972 4
979 1
996 5
1001 9
1023 6
1025 5
1052 6
1053 4
1083 1
1084 3
1096 2
1098 6
1108 5
1116 1
1119 1
1125 1
1132 1
1159 4
1171 8
1177 5
1194 2
1196 7
1208 7
1217 6
1220 4
1229 8
1236 9
1242 4
1245 8
1253 0
1273 8
1289 7
1297 1
1299 5
1315 1
1317 9
1330 4
1331 6
1335 1
1360 6
1370 8
1378 6
1394 3
1419 3
1445 1
1458 7
1473 8
1483 0
1490 9
1496 6
1504 5
1515 1
1527 9
1546 7
1549 3
1552 0
1561 6
1593 3
1601 6
1618 0
1625 5
1644 2
1651 5
1652 0
1656 7
1672 4
1675 8
1677 0
1681 5
1693 4
1700 3
1722 4
1727 8
1729 9
1746 5
1761 1
1762 3
1781 8
1791 0
1800 2
1802 3
1811 0
1816 0
1819 0
1823 6
1825 6
1829 5
1835 9
1836 3
1846 0
1854 6
1860 7
1883 0
1889 5
1897 7
1930 2
1933 4
1953 4
1957 8
1995 6
2020 5
2024 5
2029 4
2038 8
2054 2
2061 3
2082 6
2083 6
2090 6
2091 0
2093 3
2119 5
2127 0
2132 9
2190 9
2192 6
2199 8
2210 2
2246 7
2261 7
2273 9
2288 0
2305 9
2320 7
2326 3
2344 7
2367 6
2380 4
2388 7
2393 7
2403 1
2410 1
2463 6
2465 5
2474 5
2481 8
2494 1
2495 8
2504 6
2510 3
2518 8
2522 1
2562 4
2564 1
2568 6
2571 4
2604 3
2615 0
2616 6
2618 8
2623 1
2630 6
2632 4
2641 5
2644 0
2650 8
2667 9
2673 2
2699 6
2703 3
2706 5
2710 2
2719 2
2721 5
2724 5
2734 6
2739 2
2745 2
2750 6
2761 3
2773 7
2775 0
2789 9
2793 3
2819 6
2842 0
2849 8
2874 8
2875 0
2893 4
2896 3
2903 3
2944 9
2955 0
2972 0
2980 7
2982 4
2996 9
2999 3
3001 3
3006 2
3009 3
3014 2
3024 1
3050 4
3051 2
3053 0
3064 5
3078 9
3088 6
3094 6
3101 5
3106 1
3136 1
3141 1
3144 9
3151 1
3154 4
3156 2
3166 8
3169 3
3170 6
3207 1
3210 8
3231 3
3234 6
3244 4
3255 6
3265 6
3274 2
3293 2
3316 6
3326 6
3332 4
3347 4
3349 1
3353 5
3360 7
3374 0
3405 7
3414 7
3427 8
3453 8
3457 1
3463 9
3468 0
3479 9
3491 4
3496 6
3497 2
3505 7
3524 0
3534 8
3537 7
3546 7
3547 0
3567 6
3578 3
3587 6
3605 7
3607 1
3609 6
3610 4
3612 7
3626 8
3635 8
3649 9
3666 5
3673 1
3674 4
3679 6
3681 5
3683 4
3684 1
3703 5
3718 7
3722 7
3728 6
3734 4
3740 3
3746 9
3747 5
3767 4
3793 9
3814 8
3834 6
3850 6
3882 5
3888 4
3889 4
3904 3
3920 8
3935 6
3936 4
3957 6
3986 0
4014 7
4015 6
4016 6
4018 8
4019 9
4025 7
4031 6
4056 8
4057 3
4074 1
4080 8
4083 6
4084 9
4091 0
4093 5
4099 4
4105 7
4114 0
4130 0
4133 5
4134 2
4141 6
4144 1
4148 5
4158 1
4161 6
4167 6
4174 0
4181 2
4219 6
4223 3
4227 6
4234 4
4243 5
4247 2
4248 0
4252 6
4253 2
4255 2
4266 5
4270 6
4275 2
4294 3
4303 2
4313 2
4318 4
4354 9
4360 7
4383 7
4402 2
4407 9
4431 3
4439 4
4440 8
4448 2
4469 2
4490 9
4496 4
4525 7
4530 7
4560 9
4574 8
4578 7
4585 5
4591 0
4592 5
4593 8
4596 9
4615 4
4628 0
4640 5
4641 2
4658 6
4663 8
4672 7
4704 0
4707 9
4720 3
4746 9
4748 7
4750 4
4799 1
4800 5
4831 7
4838 6
4839 6
4859 6
4865 6
4870 4
4926 2
4939 1
4943 2
4959 1
4987 7
5003 8
5006 8
5014 9
5062 1
5069 5
5077 4
5080 4
5088 6
5091 6
5097 2
5122 9
5151 0
5163 1
5173 0
5185 4
5187 5
5188 4
5216 8
5220 2
5221 6
5236 4
5252 6
5271 7
5277 3
5311 5
5322 1
5331 7
5346 9
5365 9
5370 8
5391 3
5395 1
5403 0
5408 4
5426 8
5437 3
5462 4
5466 8
5474 8
5477 9
5486 0
5489 6
5495 6
5510 7
5519 4
5528 1
5542 8
5550 1
5551 7
5555 4
5557 9
5564 5
5570 8
5575 8
5577 3
5591 0
5592 5
5605 9
5675 3
5678 1
5692 3
5696 7
5703 5
5709 1
5718 1
5723 0
5727 2
5732 7
5737 3
5742 5
5745 1
5750 6
5759 2
5795 3
5804 4
5806 4
5809 5
5816 7
5821 1
5831 8
5837 0
5843 8
5850 9
5853 8
5858 0
5879 6
5882 9
5884 3
5896 5
5898 6
