10
19 6
32 7
35 1
66 6
80 6
85 3
99 8
103 8
127 1
134 0
145 8
148 2
152 1
158 0
160 7
173 2
190 9
202 0
214 9
216 8
221 8
223 8
257 5
261 7
264 8
299 2
314 7
319 4
330 3
339 3
340 3
371 8
373 7
391 9
412 7
419 0
423 3
431 5
432 7
446 6
458 7
462 4
465 4
487 7
508 8
512 7
530 5
532 7
544 1
549 5
550 8
567 1
579 9
586 6
588 2
593 1
597 8
616 3
621 2
625 5
626 1
640 8
677 8
684 6
690 9
701 5
702 8
706 2
736 9
747 5
763 8
766 9
780 0
781 6
799 0
801 4
818 0
819 9
824 7
830 6
841 0
846 1
858 4
887 3
895 1
899 2
901 3
915 2
926 2
927 5
933 6
954 1
955 8
958 8
959 3
973 2
975 8
988 0
989 0
994 0
1005 6
1009 2
1017 2
1023 7
1036 8
1038 7
1086 5
1094 4
1096 7
1134 5
1143 4
1146 3
1159 0
1164 8
1171 0
1180 6
1181 3
1191 9
1192 5
1203 1
1220 7
1245 3
1249 6
1282 8
1287 6
1292 2
1304 1
1306 8
1315 7
1320 9
1330 9
1341 5
1343 2
1351 1
1355 4
1373 2
1378 0
1398 8
1404 0
1412 4
1426 1
1432 0
1444 7
1447 5
1467 0
1472 1
1477 8
1497 3
1499 2
1556 4
1559 2
1572 0
1576 9
1586 9
1592 5
1594 9
1601 9
1622 6
1631 0
1633 7
1643 3
1663 2
1676 6
1684 8
1701 0
1728 3
1732 1
1763 5
1802 7
1808 9
1820 5
1825 2
1860 3
1863 6
1876 2
1885 7
1912 1
1913 6
1934 3
1939 0
1947 4
2002 8
2025 8
2031 0
2032 1
2054 5
2085 2
2086 2
2089 8
2093 2
2095 9
2096 5
2128 5
2130 5
2133 2
2134 0
2135 2
2139 4
2160 9
2161 1
2165 1
2166 0
2170 0
2180 2
2186 2
2198 8
2203 9
2216 9
2219 3
2225 6
2226 9
2229 6
2231 8
2249 0
2250 2
2256 8
2261 5
2288 5
2293 5
2299 2
2301 5
2306 3
2310 1
2327 5
2334 7
2345 5
2350 9
2355 0
2361 9
2381 9
