10
0 4
1 1
5 9
11 3
19 6
21 1
30 0
49 1
76 5
94 4
98 8
99 1
100 2
104 2
112 6
125 7
130 0
138 8
143 2
147 6
148 2
149 5
158 6
162 3
165 0
168 2
169 0
176 3
180 0
204 3
220 1
226 4
234 9
241 8
245 7
248 3
262 7
282 4
286 5
303 7
310 6
312 6
321 8
322 7
327 0
346 5
351 4
399 6
404 4
426 2
434 6
438 0
441 2
446 7
450 5
462 5
471 9
476 0
480 1
502 2
504 6
512 9
552 6
563 7
571 8
572 9
573 3
575 7
576 7
581 4
584 2
591 7
593 7
625 4
639 3
655 8
689 0
694 4
696 2
705 3
714 7
719 6
737 8
740 2
745 2
749 4
753 1
754 4
759 8
764 2
767 0
768 9
769 3
773 2
790 7
794 0
796 9
808 6
819 7
828 6
838 5
847 5
874 7
882 6
887 4
894 0
900 6
906 7
933 7
937 2
957 8
974 5
983 5
1010 4
1015 0
1050 8
1052 8
1056 4
1092 4
1098 9
1110 3
1133 2
1140 0
1141 7
1156 9
1159 8
1160 8
1162 7
1185 9
1190 5
1197 8
1212 4
1217 1
1235 9
1244 0
1251 1
1279 4
1291 0
1303 4
1315 8
1319 9
1333 0
1337 3
1341 6
1363 4
1368 8
1381 6
1387 8
1400 9
1405 0
1415 9
1427 0
1434 2
1442 6
1449 0
1463 5
1464 1
1469 4
1472 2
1502 0
1505 7
1531 4
1540 3
1547 8
1561 5
1583 1
1591 1
1616 2
1618 7
1634 0
1635 9
1669 3
1677 5
1682 3
1712 4
1724 4
1741 1
1756 1
1757 1
1760 2
1765 1
1773 7
1779 0
1812 1
1826 1
1846 2
1869 5
1881 6
1884 5
1910 5
1912 0
1918 7
1939 2
1950 2
1961 5
1986 2
2010 3
2057 9
2060 3
2061 5
2065 1
2080 2
2081 0
2082 8
2111 8
2113 9
2115 6
2119 3
2168 9
2190 3
2201 5
2205 9
2206 6
2208 5
2221 1
2231 1
2238 5
2250 6
2277 6
2284 6
2293 2
2302 7
2304 8
2305 2
2308 3
2337 6
2338 5
2354 5
2362 6
2401 5
2431 1
2440 2
2470 8
2483 0
2491 4
2501 0
2511 7
2517 9
2524 7
2533 5
2536 8
2548 2
2556 2
2565 6
2566 9
2568 6
2586 6
2592 6
2600 7
2601 9
2617 2
2637 5
2646 1
2657 4
2658 4
2659 0
2685 3
2690 0
2692 7
2701 7
2714 7
2748 0
2752 9
2762 0
2783 3
2787 6
2791 4
2793 2
2794 8
