10
13 4
17 9
31 8
33 6
43 6
78 8
86 5
87 5
94 4
104 6
107 2
118 2
126 8
129 3
141 2
146 8
153 9
156 5
175 1
179 6
185 4
187 1
207 1
214 0
216 1
225 0
229 3
230 4
237 8
239 1
249 0
257 5
264 4
271 2
277 9
282 5
285 9
294 0
303 7
309 1
314 9
316 6
317 9
329 3
342 8
343 5
361 7
364 5
376 0
387 0
411 4
414 6
427 8
439 2
451 5
457 9
467 3
486 1
492 2
526 6
534 1
538 6
540 8
553 0
566 2
574 2
584 5
604 2
614 2
618 2
624 3
631 1
632 4
650 1
652 9
671 7
674 2
705 1
706 9
719 6
734 7
746 8
757 8
760 6
766 3
801 4
819 0
821 6
840 1
846 8
852 1
856 6
859 2
885 7
887 4
889 8
930 5
934 0
967 2
968 7
981 0
1009 7
1020 4
1025 1
1027 3
1031 7
1036 5
1046 2
1076 4
1103 4
1109 6
1152 9
1168 3
1184 9
1211 7
1215 4
1223 2
1235 0
1240 0
1248 0
1259 2
1277 2
1288 5
1293 6
1301 9
1304 3
1311 0
1332 3
1339 9
1341 6
1348 3
1351 3
1356 5
1364 6
1365 3
1381 6
1384 8
1392 7
1396 3
1397 3
1407 8
1409 3
1412 8
1429 2
1430 9
1442 4
1473 3
1475 3
1476 4
1482 6
1494 6
1523 5
1543 4
1549 2
1558 9
1563 7
1567 2
1570 9
1571 3
1578 2
1586 5
1590 3
1598 2
1618 6
1619 6
1629 3
1636 7
1641 7
1645 4
1670 6
1680 5
1686 0
1694 1
1697 4
1709 6
1710 8
1718 7
1720 4
1722 5
1729 1
1735 9
1759 9
1776 5
1785 3
1828 4
1843 3
1849 4
1863 4
1870 5
1882 5
1887 6
1894 4
1899 1
1919 9
1952 7
1957 1
1966 2
1979 4
1983 2
1998 7
2003 0
2029 7
2042 0
2048 5
2050 9
2052 3
2053 5
2054 2
2064 2
2066 5
2104 5
2129 6
2130 1
2137 4
2160 2
2182 9
2200 7
2227 6
2235 4
2249 6
2278 8
2284 0
2299 9
2307 4
2319 7
2348 9
2368 6
2387 0
2409 7
2412 8
2413 1
2435 8
2436 2
2461 9
2488 1
2490 9
2492 5
2501 0
2506 4
2511 8
2520 1
2538 0
2539 7
2544 9
2555 8
2574 0
2594 1
2595 6
2598 8
2602 2
2607 1
2621 1
2631 7
2635 6
2689 3
2696 0
2703 8
2710 0
2719 3
2720 7
2725 7
2733 7
2734 8
2750 7
2754 6
2757 7
2759 3
2763 6
2771 1
2798 9
2805 0
2808 9
2809 2
2821 6
2826 2
2831 9
2836 9
2855 1
2861 3
2868 4
2870 1
2876 8
2885 9
2896 8
2904 0
2906 0
2907 2
2914 0
2915 4
2917 5
2927 5
2937 6
2938 3
2953 0
2957 0
2977 6
2982 3
2983 4
3015 8
3052 3
3055 1
3062 0
3070 2
3077 1
3103 7
3114 4
3115 2
3131 5
3145 1
3147 5
3151 6
3161 7
3162 9
3166 7
3206 5
3214 5
3232 1
3243 4
3245 6
3249 2
3260 4
3285 3
3290 0
3295 2
3307 7
3315 5
3349 2
3353 9
3362 4
3369 2
3374 9
3382 0
3384 8
3385 5
3413 4
3436 0
3458 6
3462 2
3468 5
3474 5
3478 7
3489 1
3494 2
3495 5
3507 1
3508 4
3510 4
3522 6
3525 2
3527 6
3542 0
3550 9
3551 5
3567 3
3572 4
3587 5
3603 7
3604 4
3631 2
3666 6
3671 2
3672 2
3679 5
3682 1
3684 5
3705 9
3717 5
3728 7
3730 4
3758 0
3786 9
3788 3
3811 9
3829 8
3842 2
3868 3
3876 2
3888 0
3894 7
3900 6
3909 6
3924 4
3925 8
3940 8
3967 0
3980 5
3993 3
4005 9
4017 9
4037 2
4060 6
4078 0
4131 0
4136 6
4146 1
4165 1
4181 8
4182 0
4199 2
4205 5
4211 7
4218 5
4236 7
4248 6
4250 4
4253 3
4257 7
4271 7
4276 2
4278 6
4283 5
4290 9
4295 6
4301 3
4331 1
4334 3
4346 6
4362 5
4378 7
4381 2
4385 5
4395 4
4411 9
4432 9
4440 3
4454 8
4460 7
4476 6
4486 7
4488 6
4495 6
4503 5
4505 4
4519 2
4520 6
4539 8
4543 2
4562 0
4566 8
4586 7
4621 5
4628 5
4633 5
4634 9
4636 9
4644 3
4658 0
4664 1
4677 6
4692 8
4694 8
4702 0
4705 2
4712 5
4721 6
4734 8
4736 0
4766 1
4773 7
4786 7
4791 2
4792 6
4800 9
4809 1
4811 9
4826 5
4834 9
4836 9
4847 4
4858 0
4876 9
4902 0
4903 3
4913 1
4936 5
4947 4
4978 5
4988 0
5008 1
5016 0
5036 7
5043 1
5045 2
5050 7
5060 1
5064 8
5098 0
5109 9
5111 2
5116 2
5125 9
5139 7
5144 2
5150 9
5154 4
5155 1
5158 8
5178 2
5182 0
5187 1
5195 9
5240 5
5244 5
5254 5
5260 6
5271 8
5288 8
5295 1
5304 3
5312 4
5314 9
5320 2
5326 6
5333 8
5336 9
5353 0
5354 9
5359 9
5360 3
5367 5
5383 0
5385 2
5393 8
5421 0
5434 8
5435 1
5443 6
5444 0
5454 8
5490 2
5495 0
5509 4
5523 3
5537 5
5556 3
5565 8
5587 3
5589 0
5593 4
5595 3
5601 2
5605 6
5608 7
5609 0
5611 8
5613 5
5632 5
5660 7
5666 1
5676 6
5681 0
5691 0
5704 1
5711 9
5718 2
5721 5
5749 5
5751 6
5759 0
5768 5
5794 4
5795 5
5816 9
5820 2
5833 8
5836 6
5845 3
5888 7
5895 8
5896 5
5909 4
5918 7
5919 3
5927 4
5950 4
5951 7
5952 8
5955 6
5997 7
6005 0
6010 1
6011 5
6027 9
6042 8
6060 1
6066 7
6073 3
6101 6
6113 5
6126 1
6141 1
6171 8
6198 5
6202 7
6209 3
6217 0
6218 4
6223 8
6234 5
6259 7
6265 2
6268 6
6270 5
6273 6
6274 5
6275 4
6276 5
6283 0
6287 7
6291 4
6292 6
6295 1
6297 1
6300 0
6301 2
6336 0
6350 6
6365 0
6367 9
6370 4
6381 5
6390 2
6392 9
6402 1
6413 6
6415 5
6444 9
6448 0
6451 7
6453 7
6474 9
6475 5
6479 7
6501 7
6512 3
6515 9
6530 1
6548 1
6561 7
6571 1
6573 7
6581 4
6585 0
6589 5
6626 9
6629 9
6630 5
6636 4
6639 9
6652 2
6654 6
6676 8
6681 3
6682 9
6683 7
6711 8
6730 1
6748 5
6751 0
6753 5
6757 2
6796 8
6800 3
6810 5
6814 2
6841 8
6847 0
6862 0
6865 3
6873 0
6878 3
6889 8
6925 6
6926 6
6938 7
6939 2
6967 4
6975 5
6976 6
6983 9
6993 3
6999 6
7023 6
7027 9
7032 3
7034 2
7048 0
7066 2
7083 2
7102 1
7116 1
7117 4
7122 7
7141 6
7146 2
7150 4
7164 7
7182 3
7191 6
7227 2
7231 8
7233 2
7251 9
7252 6
7260 1
7277 1
7280 1
7289 6
7304 8
7319 2
7329 9
7371 9
7380 3
7396 1
7410 6
7414 5
7418 1
7435 8
7459 7
7476 5
7496 1
7522 3
7528 4
7530 7
7548 3
7552 1
7573 8
7575 2
7591 4
7592 3
7604 5
7609 1
7611 2
7613 8
7618 2
7632 4
7705 9
7730 5
7759 9
7769 5
7774 0
7792 6
7803 3
7806 7
7809 7
7817 5
7827 8
7840 0
7860 3
7876 0
7877 7
7879 6
7890 4
7901 3
7920 5
7947 3
7948 5
7959 9
7960 7
7962 7
7963 6
7964 7
7969 8
7972 5
7978 7
7983 0
7984 7
7992 9
7998 0
8002 6
8010 7
8026 1
8041 3
8049 9
8066 9
8067 8
8070 0
8073 9
8078 2
8080 2
8081 1
8087 2
8091 1
8105 4
8106 5
8128 2
8146 3
8163 5
8176 0
8204 7
8206 7
8217 4
8218 9
8219 4
8223 7
8227 0
8236 6
8244 9
8246 1
8258 5
8259 0
8264 7
8274 4
8278 2
8283 6
8285 4
8312 6
8317 5
8348 0
8357 3
8365 4
8366 2
8371 9
8395 9
8396 4
8406 0
8419 7
8448 1
8502 1
8515 9
8543 2
8545 9
8561 4
8563 3
8567 6
8584 5
8585 5
8596 2
8597 7
8614 4
8641 8
8659 1
8697 9
8732 0
8765 6
8785 1
8837 3
8865 7
8883 8
8894 4
8911 9
8918 5
8932 8
8934 3
8937 5
8953 6
8956 8
8961 8
8965 8
8969 6
8973 8
8975 8
9015 6
9022 8
9035 9
9042 3
9062 3
9079 4
9094 8
9112 6
9129 1
9133 0
9136 5
9142 0
9153 9
9166 0
9169 5
9177 3
9180 1
9182 7
9191 8
