10
8 9
12 4
43 3
47 5
48 7
62 5
67 8
70 0
95 1
96 1
112 5
115 1
131 7
156 6
159 9
170 0
176 2
179 2
182 5
195 7
209 4
222 8
223 3
232 1
253 1
277 1
281 0
288 6
289 5
306 8
307 2
313 1
334 7
389 6
397 8
401 1
422 8
426 5
431 9
460 2
463 7
468 2
479 7
483 3
503 5
533 5
543 9
555 0
570 5
571 2
576 7
598 8
600 5
619 8
630 1
635 6
649 5
661 7
666 8
673 4
674 9
690 4
699 2
713 5
741 9
755 2
759 0
761 0
776 7
782 3
793 1
796 0
803 5
811 5
814 1
829 9
835 5
842 3
891 8
898 8
900 1
916 0
945 4
956 6
969 3
978 0
1010 0
1020 6
1023 7
1026 8
1056 8
1062 9
1078 1
1080 9
1085 1
1097 3
1102 9
1117 0
1121 8
1130 5
1135 5
1137 1
1138 2
1156 5
1174 4
1181 0
1188 8
1190 1
1194 8
1206 2
1216 1
1220 2
1221 3
1237 2
1251 9
1268 0
1271 6
1274 8
1279 9
1286 6
1318 1
1337 9
1339 1
1345 9
1349 9
1360 9
1379 3
1386 5
1423 3
1427 7
1429 5
1442 4
1443 8
1453 8
1465 5
1478 0
1487 8
1497 5
1506 5
1523 0
1551 4
1552 5
1558 9
1565 8
1575 7
1589 4
1608 2
1613 2
1620 4
1640 6
1643 7
1650 1
1677 2
1687 7
1688 4
1690 8
1713 4
1715 6
1729 7
1744 5
1749 5
1786 3
1790 3
1794 8
1807 5
1814 9
1822 8
1829 0
1844 6
1845 5
1855 1
1856 8
1891 8
1895 1
1896 0
1912 7
1914 1
1924 4
1937 8
1978 7
1986 3
1989 2
1990 1
1991 8
2007 1
2021 1
2033 2
2040 0
2046 7
2086 9
2114 2
2122 1
2131 0
2133 1
2142 6
2155 6
2160 8
2169 7
2173 5
2174 7
2180 7
2189 2
2190 4
2191 0
2206 4
2210 1
2213 5
2227 1
2233 1
2238 3
2243 6
2258 6
2282 1
2285 9
2291 7
2333 1
2341 7
2352 4
2379 5
2390 9
2423 4
2446 2
2447 7
2462 6
2466 6
2467 2
2567 2
2574 0
2578 0
2594 5
2606 8
2610 7
2612 1
2628 2
2630 8
2639 2
2657 6
2664 2
2667 1
2675 9
2704 4
2724 8
2727 7
2748 4
2758 3
2766 7
2778 8
2824 3
2828 8
2843 3
2847 3
2854 6
2859 8
2883 6
2896 1
2897 6
2924 1
2936 2
2944 2
2962 6
2963 1
2968 6
2977 1
2984 6
2992 8
2993 6
3014 1
3017 7
3034 3
3039 5
3040 4
3052 8
3076 5
3089 2
3097 4
3106 7
3114 4
3117 4
3125 9
3128 3
3137 6
3151 3
3153 2
3154 8
3161 1
3166 2
3175 6
3176 4
3182 1
3183 3
3194 8
3212 4
3234 4
3245 7
3271 1
3278 0
3283 3
3306 4
3307 4
3315 7
3320 5
3322 2
3325 5
3326 2
3344 5
3369 4
3390 1
3403 5
3445 6
3447 3
3471 5
3501 0
3511 8
3518 4
3533 9
3534 6
3544 2
3557 5
3562 4
3572 2
3582 3
3614 8
3643 8
3651 3
3663 8
3670 6
3671 0
3682 5
3685 5
3695 7
3711 0
3712 7
3719 1
3722 7
3749 5
3770 5
3795 2
3796 9
3808 6
3815 0
3820 5
3832 8
3849 9
3850 5
3862 1
3863 6
3864 4
3884 4
3887 9
3902 3
3913 9
3921 4
3936 2
3937 3
3948 6
3966 7
3968 6
3987 8
3992 1
4012 3
4013 9
4034 4
4044 3
4062 8
4066 8
4072 8
4078 0
4086 1
4113 4
4125 6
4127 4
4149 9
4164 5
4179 9
4214 0
4219 6
4237 1
4251 8
4254 6
4270 2
4274 6
4303 6
4304 7
4321 3
4336 0
4347 9
4355 6
4359 8
4376 0
4379 5
4383 2
4386 5
4396 5
4401 5
4409 6
4422 8
4437 9
4446 3
4463 8
4466 5
4467 5
4474 5
4475 8
4489 8
4506 4
4519 1
4537 1
4547 4
4565 9
4578 3
4582 7
4630 5
4634 0
4641 0
4644 3
4645 1
4648 2
4649 5
4669 0
4673 5
4679 8
4684 7
4687 6
4694 5
4703 8
4706 5
4715 1
4720 9
4724 7
4725 9
4726 3
4727 2
4731 2
4745 2
4752 5
4763 3
4790 4
4792 1
4793 7
4796 5
4797 0
4828 0
4842 3
4846 4
4860 1
4867 1
4871 6
4897 5
4912 1
4919 2
4923 8
4924 2
4953 1
4959 8
4976 2
4986 5
5018 4
5026 1
5027 0
5031 0
5032 0
5042 3
5043 3
5046 8
5056 2
5059 9
5061 7
5069 4
5073 2
5077 2
5087 4
5112 2
5119 7
5131 6
5133 9
5156 8
5161 1
5162 8
5184 9
5189 2
5192 3
5194 1
5195 7
5218 2
5223 9
5226 9
5238 4
5259 3
5275 8
5279 2
5310 1
5312 7
5316 5
5320 7
5323 0
5327 4
5331 2
5343 1
5346 2
5357 1
5408 4
5416 5
5422 3
5423 6
5424 1
5427 8
5439 6
5446 4
5448 2
5467 6
5481 8
5493 0
5496 0
5509 9
5514 4
5515 4
5520 4
5521 1
5543 9
5546 6
5564 0
5583 2
5599 4
5611 2
5622 3
5649 5
5666 4
5670 3
5681 8
5683 2
5684 6
5685 0
