10
2 3
8 2
9 6
22 6
27 3
29 9
36 7
38 6
50 7
62 8
74 3
107 5
121 2
123 9
132 7
143 4
145 0
159 1
188 9
190 6
195 0
197 7
201 5
203 3
206 8
216 9
217 9
227 2
232 7
236 0
241 9
254 6
258 9
281 4
315 7
327 3
330 8
341 1
353 3
357 4
363 2
364 1
373 3
375 2
389 6
403 2
406 8
410 6
418 9
424 9
427 9
438 8
440 6
441 6
452 3
454 2
467 7
478 4
481 6
492 5
499 5
511 0
526 2
527 1
554 5
579 5
592 7
599 3
604 3
608 5
611 3
613 6
620 8
622 4
631 5
639 5
646 8
676 0
677 6
689 1
701 2
717 2
736 2
743 3
757 6
759 2
769 9
777 0
780 0
781 9
788 6
789 4
811 7
840 9
852 6
874 9
914 2
927 9
937 3
948 8
950 6
974 8
991 6
994 4
1000 1
1028 1
1032 8
1082 5
1084 0
1087 6
1097 6
1110 1
1141 2
1146 8
1150 7
1155 5
1163 3
1191 8
1198 0
1199 6
1202 7
1236 1
1255 9
1257 7
1283 1
1332 9
1347 8
1359 0
1371 2
1386 0
1440 0
1444 9
1446 6
1464 6
1484 1
1499 2
1505 4
1517 5
1520 8
1528 0
1540 9
1562 3
1578 4
1592 3
1598 7
1610 5
1620 1
1625 0
1629 8
1640 9
1661 7
1673 5
1675 7
1692 7
1702 9
1721 7
1722 5
1736 2
1746 4
1747 8
1762 5
1765 8
1768 5
1771 7
1772 1
1773 6
1777 8
1785 9
1797 8
1802 9
1807 1
1814 1
1821 4
1822 7
1827 6
1848 2
1860 9
1866 4
1867 7
1872 3
1879 1
1881 1
1885 6
1902 3
1908 6
1910 1
1911 9
1912 5
1914 4
1915 6
1945 4
1970 9
1991 2
1995 3
2018 6
2030 4
2067 0
2073 6
2094 9
2112 3
2124 3
2135 4
2147 0
2168 4
2173 9
2190 7
2194 3
2217 8
2218 8
2220 8
2238 2
2243 1
2260 5
2275 6
2278 4
2284 6
2292 5
2298 6
2310 2
2336 7
2343 5
2347 2
2357 6
2363 1
2364 7
2382 1
2390 2
2413 4
2414 0
2425 2
2430 5
2434 9
2443 8
2463 1
2491 8
2502 1
2503 1
2505 8
2535 6
2539 9
2540 9
2551 2
2555 2
2564 4
2575 1
2588 0
2594 8
2604 1
2621 7
2624 8
2629 8
2632 0
2636 8
2637 7
2687 2
2698 6
2734 6
2773 3
2818 7
2819 1
2855 8
2858 5
2887 6
2906 8
2913 4
2921 7
2923 7
2928 5
2932 6
2941 5
2969 7
2985 8
2987 3
2988 2
3024 3
3039 4
3046 9
3047 6
3062 6
3071 8
3079 0
3082 2
3093 7
3102 5
3105 1
3109 6
3114 5
3123 3
3135 4
3153 9
3154 1
3157 0
3163 2
3194 3
3196 4
3199 4
3203 3
3221 6
3239 2
3257 5
3261 6
3268 4
3281 3
3286 5
3309 1
3321 1
3337 9
3351 2
3358 7
3370 8
3373 3
3400 0
3405 9
3406 3
3446 3
3452 4
3457 9
3477 7
3481 0
3488 2
3489 0
3496 2
3516 5
3524 1
3531 1
3541 0
3568 5
3570 3
3586 7
3605 6
3612 7
3622 9
3627 6
3647 0
3650 6
3683 4
3700 8
3716 1
3723 7
3748 9
3751 0
3757 6
3763 7
3764 1
3768 8
3769 1
3773 5
3781 1
3788 8
3792 7
3795 5
3796 7
3805 4
3827 3
3831 9
3841 3
3849 4
3863 1
3864 5
3869 3
3876 0
3883 0
3903 4
3908 6
3916 6
3931 7
3934 0
3944 0
3963 6
3978 1
3984 2
3995 9
4010 7
4011 8
4012 8
4023 7
4029 3
4037 0
4041 6
4044 7
4058 9
4065 2
4069 1
4083 7
4089 7
4095 4
4101 6
4103 3
4108 2
4116 2
4120 9
4128 7
4129 2
4150 2
4153 9
4155 3
4199 5
4213 9
4216 3
4223 1
4236 2
4243 9
4257 5
4262 2
4269 5
4276 4
4280 0
4298 8
4300 4
4308 5
4310 3
4316 7
4321 7
4343 6
4372 4
4379 1
4384 3
4386 1
4399 9
4400 7
4425 5
4440 7
4452 4
4463 7
4469 0
4538 4
4549 0
4554 1
4566 9
4579 2
4592 6
4594 5
4596 5
4598 7
4599 0
4611 6
4612 6
4617 5
4633 8
4635 8
4637 1
4654 6
4659 0
4664 0
4667 2
4681 8
4682 4
4684 5
4693 8
4697 5
4710 1
4715 7
4718 4
4721 6
4732 4
4740 9
4744 1
4753 1
4763 1
4769 4
4786 4
4810 0
4820 5
4847 7
4850 8
4855 4
4878 3
4880 4
4881 8
4896 4
4908 8
4911 5
4924 7
4933 5
4947 4
4951 5
4961 8
4963 7
4967 0
4975 0
4977 1
4982 8
4988 4
5004 2
5018 1
5048 4
5054 8
5058 0
5061 2
5075 6
5080 3
5094 2
5116 5
5153 6
5158 4
5174 1
5188 9
5196 4
5206 6
5219 1
5223 7
5227 5
5312 9
5322 3
5326 7
5332 8
5334 5
5350 7
5355 1
5363 6
5364 4
5374 2
5411 0
5412 5
5434 4
5435 5
5439 7
5459 6
5462 6
5472 1
5484 0
5490 1
5498 2
