10
13 1
23 1
33 9
67 7
70 5
81 3
82 0
90 9
102 8
109 6
111 0
127 3
129 3
133 7
135 0
145 4
154 9
158 4
169 2
175 8
199 8
201 2
268 5
276 9
303 8
320 0
321 9
329 8
337 2
338 4
340 7
382 8
446 4
456 9
463 3
472 0
489 8
517 1
554 7
558 6
559 7
572 9
576 2
605 2
613 8
618 9
630 5
663 1
664 8
669 2
673 7
692 0
694 7
698 8
705 5
710 4
717 4
730 0
737 4
740 4
750 0
754 5
755 4
766 3
767 2
768 5
797 9
798 2
811 2
814 4
815 0
819 6
834 0
860 0
861 1
869 7
875 3
885 7
887 6
889 0
902 6
923 6
936 4
960 2
964 8
982 9
1037 9
1045 9
1079 0
1091 9
1095 6
1123 5
1125 5
1131 2
1134 4
1138 1
1145 8
1147 8
1151 6
1193 6
1196 7
1201 4
1240 2
1281 1
1283 5
1291 6
1305 6
1324 0
1328 9
1331 4
1337 7
1346 6
1358 6
1359 3
1364 7
1375 1
1391 8
1395 9
1396 0
1412 2
1423 2
1436 1
1442 2
1471 9
1486 4
1498 0
1505 4
1507 4
1508 8
1511 0
1515 7
1527 6
1531 0
1543 4
1545 4
1549 5
1556 0
1568 5
1571 5
1592 5
1595 1
1597 4
1608 8
1611 6
1619 9
1622 7
1631 6
1647 2
1657 8
1663 2
1665 1
1690 6
1693 5
1694 5
1699 9
1716 3
1719 3
1734 6
1747 4
1750 8
1752 3
1769 3
1778 7
1781 4
1783 9
1786 6
1800 6
1806 7
1823 9
1824 5
1840 6
1848 4
1854 0
1856 0
1870 4
1885 6
1897 2
1902 5
1919 7
1932 6
1956 8
1965 9
1970 6
1977 1
1993 6
2001 5
2006 6
2007 2
2011 6
2016 6
2023 4
2028 1
2031 3
2035 1
2047 0
2068 9
2072 3
2075 1
2086 9
2096 7
2107 7
2131 5
2133 3
2178 8
2212 4
2216 2
2230 4
2235 3
2240 4
2244 2
2273 7
2320 3
2329 8
2353 7
2359 0
2367 4
2369 6
2381 6
2386 0
2390 8
2395 8
2403 8
2408 0
2409 1
2413 4
2419 1
2426 5
2430 2
2433 1
2434 0
2442 5
2444 3
2464 6
2469 9
2474 8
2486 9
2495 8
2505 1
2506 5
2511 7
2537 5
2557 5
2558 3
2588 6
2590 9
2591 0
2598 1
2607 3
2626 1
2636 6
2638 6
2644 8
2661 0
2671 8
2672 0
2693 9
2716 9
2718 3
2742 2
2761 9
2765 0
2767 4
2770 9
2773 8
2790 8
2797 8
2812 5
2821 3
2824 2
2828 1
2844 9
2847 4
2849 1
2857 2
2886 7
