10
1 6
5 5
13 2
16 2
17 0
24 7
65 9
71 6
77 8
79 2
80 9
81 0
90 5
97 8
109 9
113 5
115 8
119 8
128 9
138 8
139 2
144 7
151 7
162 8
169 7
177 6
184 8
234 5
241 7
246 4
247 5
292 3
313 8
328 9
332 0
337 9
340 5
342 8
353 7
386 8
407 6
432 8
437 9
439 5
442 9
448 8
486 5
501 2
504 6
512 3
558 6
562 0
566 1
574 2
575 5
580 5
587 8
588 9
589 9
591 9
594 3
605 7
617 8
621 1
647 4
665 5
668 7
673 2
674 7
681 5
693 4
694 5
730 1
737 7
744 9
751 8
777 8
796 6
831 5
836 5
843 8
846 8
849 0
871 0
873 3
877 8
878 5
879 7
882 0
895 7
928 6
931 7
937 2
946 2
964 1
968 3
990 2
1001 2
1016 6
1022 4
1045 0
1077 6
1083 3
1088 7
1117 0
1121 1
1130 4
1132 3
1135 1
1143 5
1146 1
1159 2
1160 2
1184 4
1205 9
1207 3
1213 0
1215 5
1232 9
1243 7
1246 4
1249 0
1264 2
1267 9
1271 9
1277 1
1279 3
1290 6
1291 5
1319 4
1320 9
1328 2
1347 4
1356 4
1362 1
1369 2
1376 2
1385 5
1396 4
1401 4
1413 4
1420 4
1453 7
1454 3
1487 4
1490 9
1510 7
1521 5
1539 2
1540 3
1543 4
1550 1
1559 2
1560 2
1584 2
1589 7
1611 6
1635 3
1642 1
1648 2
1649 9
1676 4
1677 0
1678 5
1683 0
1707 3
1713 8
1720 6
1725 0
1731 1
1733 3
1758 2
1779 8
1786 9
1797 8
1810 6
1826 0
1844 9
1846 2
1858 2
1872 9
1884 7
1886 4
1900 1
1905 7
1908 5
1910 0
1930 3
1948 0
1951 7
1955 3
1957 8
1963 4
1965 3
1971 8
1988 3
1996 7
2000 9
2006 4
2020 1
2035 4
2060 6
2062 3
2068 3
2070 0
2084 3
2093 4
2097 4
2100 9
2107 6
2125 5
2179 1
2180 6
2203 7
2237 1
2241 2
2247 6
2282 9
2283 7
