10
65 3
66 1
67 1
68 8
71 2
88 2
89 4
105 1
109 9
130 0
133 5
148 3
157 7
170 2
190 1
199 0
202 0
203 7
216 4
228 6
232 8
233 7
234 5
244 2
248 1
260 0
265 5
296 3
302 9
303 2
307 5
316 5
323 1
334 8
341 5
359 2
374 2
379 8
388 6
389 5
390 5
430 7
457 0
459 8
460 7
463 7
494 5
504 6
532 2
534 9
538 4
559 5
563 3
571 2
574 5
584 9
598 7
622 8
649 3
650 1
662 5
685 4
697 3
699 2
720 8
725 7
734 2
738 0
755 3
775 2
779 4
785 5
794 7
830 8
837 2
841 0
844 3
866 8
876 2
880 4
881 4
882 5
894 8
923 6
927 5
935 4
951 8
960 6
978 8
985 4
990 6
992 8
996 6
1009 3
1024 5
1028 8
1035 3
1045 5
1063 8
1123 0
1133 6
1135 5
1141 9
1152 5
1169 9
1181 5
1201 1
1203 1
1218 1
1231 6
1235 5
1239 0
1243 8
1257 2
1264 0
1291 1
1294 9
1300 1
1308 8
1323 9
1326 0
1329 0
1333 0
1349 0
1358 7
1362 5
1373 8
1374 8
1381 4
1394 8
1398 0
1399 4
1425 5
1429 3
1432 3
1462 1
1470 2
1480 2
1482 8
1489 3
1505 6
1508 0
1510 1
1521 2
1528 7
1530 3
1534 3
1550 4
1554 7
1569 2
1593 4
1598 6
1602 2
1610 2
1629 3
1636 3
1675 5
1678 2
1684 9
1702 5
1704 6
1706 5
1715 6
1723 8
1740 5
1794 3
1818 0
1820 2
1831 3
1840 4
1843 9
1855 9
1895 2
1902 4
1903 5
1908 5
1910 1
1922 9
1944 1
1946 2
1955 8
1965 9
1976 7
1981 8
1985 1
2008 7
2022 8
2024 1
2030 2
2033 5
2043 2
2046 4
2065 2
2071 6
2074 0
2091 8
2101 7
2112 0
2114 3
2115 1
2131 5
2142 5
2149 6
2153 9
2156 0
2157 1
2164 4
2167 5
2190 6
2191 2
2198 8
2207 5
2213 8
2233 5
2269 9
2270 6
2273 6
2298 4
2304 2
2307 6
2312 6
2313 9
2325 0
2330 0
2385 1
2393 5
2394 1
2398 3
2419 3
2420 7
2443 6
2449 5
2453 6
2466 8
2471 0
2472 5
2482 2
2493 4
2507 6
2515 2
2543 0
2572 3
2581 0
2595 9
2598 6
2621 4
2628 6
2650 7
2676 2
2682 6
2691 1
2697 7
2709 2
2712 6
2722 8
2749 7
2762 5
2778 5
2779 1
2812 0
2822 5
2832 4
2836 8
2846 9
2850 5
2864 8
2867 2
2870 4
2892 3
2909 9
2915 7
2921 1
2923 4
2931 1
2944 5
2952 8
2954 4
2957 7
2959 2
2964 0
2967 5
2976 2
2984 7
3011 7
3045 7
3050 2
3108 7
3125 9
3171 1
3176 9
3207 5
3212 6
3213 9
3214 2
3227 3
3237 0
3275 8
3279 3
3280 2
3309 5
3330 2
3332 7
3340 4
3343 9
3350 7
3360 8
3366 7
3387 5
3388 9
3392 7
3401 9
3436 7
3455 0
3457 9
3460 2
3466 8
3487 2
3495 7
3542 8
3551 6
3552 6
3555 2
3566 2
3582 7
3592 1
3599 4
3606 0
3619 3
3620 0
3624 9
3626 7
3634 2
3657 3
3681 9
3682 7
3686 3
3689 6
3731 8
3734 1
3753 4
3758 8
3772 7
3775 0
3783 3
3786 3
3800 5
3802 8
3815 2
3837 1
3865 3
3890 4
3902 7
3904 6
3917 9
3919 6
3926 9
3928 0
3935 1
3938 9
3970 4
4005 7
4010 9
4014 3
4021 7
4024 1
4029 9
4049 6
4060 6
4073 2
4084 7
4090 6
4100 0
4107 3
4111 7
4112 8
4139 4
4143 3
4162 8
4171 0
4180 4
4189 0
4193 4
4202 6
4209 8
4234 9
4248 4
4254 0
4265 3
4266 5
4268 0
4300 5
4307 3
4319 8
4328 3
4331 2
4359 2
4376 8
4398 1
4400 3
4414 2
4421 3
4423 8
4426 9
4428 2
4442 5
4446 2
4453 7
4460 7
4475 6
4490 8
4493 3
4495 5
4500 4
4503 7
4521 5
4534 3
4535 5
4542 6
4561 3
4572 3
4578 3
4579 0
4593 8
4630 1
4649 6
4669 2
4670 6
4675 3
4697 4
4698 7
4709 0
4710 5
4725 7
4730 0
4738 4
4743 7
4752 0
4756 0
4758 7
4767 5
4769 5
4778 2
4784 6
4795 2
4821 5
4827 8
4832 4
4840 4
4866 7
4871 2
4874 0
4880 2
4883 8
4884 1
4885 6
4897 3
4898 1
4902 4
4907 1
4919 4
4926 0
4935 7
4936 8
4940 0
4941 7
4943 4
4985 3
4991 5
4993 1
5001 4
5008 9
5014 2
5025 0
5026 4
5033 2
5058 4
5062 9
5077 2
5104 3
5119 8
5125 8
5157 9
5158 8
5166 5
5176 8
5178 5
5195 3
5199 0
5218 4
5219 9
5221 3
5239 2
5249 9
5253 9
5262 7
5287 3
5298 4
5315 5
5330 3
5334 7
5338 1
5344 2
5365 8
5385 7
5390 3
5399 5
5410 1
5417 3
5423 7
5427 1
5428 4
5430 8
5436 8
5441 3
5445 4
5454 0
5468 4
5484 9
5496 4
5500 8
5514 9
5523 3
5535 0
5552 1
5568 1
5570 1
5573 2
5577 8
5587 7
5588 1
5590 7
5595 9
5615 9
5627 4
5628 1
5670 4
5692 0
5699 3
5727 6
5730 7
5769 7
5783 6
5786 3
5791 6
5809 6
5813 8
5818 0
5820 9
5828 3
5830 1
5837 7
5840 0
5851 7
5857 6
5858 5
5865 4
5871 4
5897 1
5929 6
5930 9
5941 9
5961 9
5979 6
5982 5
5988 7
5989 8
5990 9
5993 6
6000 0
6002 9
6018 1
6029 3
6032 7
6040 5
6054 4
6056 9
6067 8
6069 4
6099 6
6123 1
6134 9
6143 1
6178 7
6193 1
6194 1
6196 2
6199 7
6224 1
6227 1
6234 5
6243 3
6245 0
6267 0
6287 8
6295 4
6312 8
6318 9
6346 1
6347 5
6366 8
6367 3
6376 0
6426 8
6438 7
6439 1
6481 1
6482 5
6510 7
6523 3
6534 9
6537 5
6549 0
6552 9
6563 2
6575 3
6585 0
6590 8
6621 3
6643 0
6663 3
6675 6
6685 4
6694 0
6709 0
6711 6
6717 8
6739 5
6742 1
6758 0
6761 3
6778 1
6788 5
6792 4
6813 0
6816 8
6820 1
6845 8
6871 8
6876 0
6919 9
6930 1
6941 8
6958 6
6960 3
6976 8
6977 2
6983 5
7004 3
7027 2
7030 6
7057 0
7079 8
7089 2
7092 9
7093 6
7095 7
7105 9
7108 4
7113 7
7117 3
7123 1
7129 2
7159 2
7161 7
7175 4
7190 7
7201 0
7209 0
7210 5
7211 7
7213 5
7214 2
7216 3
7217 2
7224 7
7243 4
7246 2
7279 8
7285 2
7288 7
7292 2
7295 7
7305 4
7319 0
7329 7
7334 2
7339 5
7355 7
7367 5
7377 8
7403 6
7407 7
7408 7
7420 5
7433 1
7436 4
7468 3
7474 4
7475 5
7509 4
7511 7
7513 8
7517 2
7522 7
7531 5
7537 0
7541 2
7545 3
7567 3
7582 3
7583 4
7586 0
7587 5
7614 1
7620 0
7621 8
7624 6
7626 5
7630 1
7649 3
7654 6
7662 7
7671 7
7676 6
7684 4
