10
2 6
25 9
41 3
42 2
86 6
87 3
89 1
102 5
117 9
121 6
142 8
167 8
200 8
204 9
205 5
218 2
230 5
235 2
240 1
242 6
269 4
278 7
285 2
287 7
314 0
317 0
329 2
339 6
341 0
342 2
343 6
344 7
354 4
364 3
371 0
386 8
398 0
404 5
416 4
439 2
445 7
466 6
472 0
475 0
480 8
487 9
488 9
498 2
501 7
529 3
536 7
540 1
550 2
554 9
559 4
562 1
570 1
583 4
605 5
620 4
639 5
641 5
652 7
665 2
668 9
683 8
718 1
744 4
745 3
767 1
772 4
773 8
777 0
780 3
781 1
792 7
799 8
806 3
824 5
831 6
833 4
837 4
850 0
867 8
876 4
883 7
894 7
901 8
909 9
920 0
927 6
945 4
946 0
950 7
954 6
955 4
959 0
970 1
975 7
980 0
982 0
983 5
984 7
987 9
1012 0
1017 5
1021 1
1025 9
1029 7
1034 6
1088 9
1095 5
1107 1
1119 0
1120 2
1135 0
1142 3
1146 0
1150 9
1159 3
1194 4
1197 5
1203 8
1220 5
1221 2
1225 0
1227 6
1233 9
1234 1
1260 4
1285 9
1299 2
1304 8
1306 1
1345 8
1389 6
1420 9
1421 6
1434 1
1437 2
1447 8
1448 1
1458 1
1496 0
1504 9
1522 5
1529 1
1530 6
1532 6
1543 3
1548 6
1573 2
1587 5
1614 3
1645 6
1663 9
1664 2
1675 6
1716 4
1717 4
1725 5
1766 0
1781 6
1794 9
1808 3
1814 5
1820 4
1826 7
1829 3
1830 9
1833 9
1836 1
1844 5
1857 1
1865 2
1867 8
1893 8
1926 2
1928 5
1942 8
1944 7
1970 2
1973 6
1978 8
1989 7
2005 4
2006 8
2020 0
2040 0
2042 8
2045 1
2046 9
2060 7
2069 5
2079 3
2089 2
2090 6
2091 7
2108 3
2121 4
2151 1
2169 6
2183 9
2209 2
2229 2
2240 3
2254 0
2255 3
2258 5
2282 6
2294 6
2312 8
2322 4
2327 7
2355 4
2374 3
2383 6
2384 7
2397 9
2404 7
2415 5
2419 4
2420 5
2423 8
2425 8
2444 5
2446 2
2447 5
2453 8
2471 5
2476 8
2482 3
2484 6
2487 6
2490 3
2505 0
2520 8
2538 6
2550 8
2551 8
2556 7
2562 9
2565 2
2612 2
2615 6
2618 8
2619 2
2625 0
2628 2
2631 9
2655 7
2673 4
2696 6
2698 6
2711 5
2755 6
2802 5
2810 9
2817 9
2826 0
2830 1
2840 9
2846 0
2856 7
2871 0
2893 0
2902 9
2942 3
2967 5
2973 2
2980 1
2984 7
2987 1
2989 5
2992 5
2997 3
3024 0
3027 6
3040 2
3054 9
3058 3
3059 8
3073 3
3075 9
3081 7
3082 0
3090 6
3104 4
3113 2
3121 1
3125 8
3133 2
3140 9
3141 0
3150 3
3152 4
3155 8
3181 8
3191 6
3197 4
3202 6
3241 4
3263 8
3270 3
3271 6
3280 7
3285 7
3289 8
3295 4
3312 9
3313 6
3316 9
3321 7
3322 8
3324 8
3325 7
3357 5
3368 3
3390 8
3417 2
3422 7
3426 0
3451 5
3453 1
3463 2
3474 0
3490 0
3496 2
3497 9
3505 1
3512 7
3517 0
3525 7
3536 1
3538 7
3546 4
3553 1
3585 6
3589 0
3596 3
3633 9
3637 7
3643 5
3671 5
3677 2
3680 4
3682 8
3694 0
3706 9
3713 1
3722 7
3733 8
3752 8
3773 1
3775 4
3778 1
3782 2
3796 6
