10
1 5
14 0
27 0
31 6
37 4
53 3
116 6
122 5
130 3
134 4
136 4
137 5
146 2
163 3
178 2
198 3
214 6
233 4
239 9
240 6
246 3
267 8
278 2
289 6
299 0
302 7
312 4
352 9
355 7
372 0
397 3
402 0
408 3
418 1
420 3
422 0
428 1
438 9
442 0
444 4
455 3
456 5
457 9
479 9
489 0
506 1
534 2
551 0
552 8
554 6
585 4
601 2
606 0
642 6
645 9
647 2
649 9
657 3
661 6
670 6
671 3
694 0
696 0
704 9
710 6
715 9
726 5
732 0
740 5
767 4
788 4
807 7
843 2
879 0
880 6
884 2
890 6
892 3
899 5
903 1
927 7
935 4
937 1
956 5
959 0
966 6
969 3
987 6
988 7
989 0
993 7
999 6
1002 8
1018 0
1019 8
1023 4
1039 2
1046 3
1051 0
1055 8
1065 2
1093 9
1094 7
1097 0
1125 7
1142 5
1148 3
1153 6
1167 7
1170 9
1176 8
1214 0
1219 6
1242 8
1246 7
1249 2
1253 3
1261 1
1273 5
1292 5
1309 0
1310 1
1315 9
1330 7
1336 5
1341 4
1353 3
1363 6
1364 2
1368 4
1383 0
1387 9
1392 0
1394 9
1399 7
1403 6
1415 6
1418 7
1424 7
1471 8
1476 9
1489 8
1498 3
1499 8
1505 6
1531 5
1543 8
1584 4
1595 4
1611 7
1618 6
1625 3
1637 5
1638 5
1655 5
1661 4
1691 4
1722 7
1724 5
1731 2
1736 5
1746 9
1759 2
1776 4
1778 8
1795 4
1800 8
1802 4
1852 2
1887 8
1895 7
1908 5
1913 6
1923 2
1924 6
1926 3
1930 4
1955 0
1959 8
1961 9
1964 0
1968 7
1981 7
1988 0
1998 7
2003 9
2004 9
2018 3
2029 8
2036 0
2039 9
2044 3
2048 0
2068 6
2069 3
2072 2
2074 4
2078 4
2094 9
2096 5
2128 0
2131 3
2148 1
2158 4
2163 0
2169 7
2172 2
2178 6
2222 8
2235 5
2272 0
2275 8
2318 9
2329 5
2335 5
2336 9
2350 5
2352 6
2354 2
2356 6
2365 7
2376 8
2388 8
2389 8
2400 3
2403 8
2464 6
2469 3
2480 6
2484 5
2488 8
2494 9
2497 1
2499 2
2518 3
2530 6
2533 3
2535 5
2542 7
2543 0
2546 5
2548 0
2568 6
2574 1
2575 7
2579 6
2581 2
2601 9
2652 7
2657 1
2659 9
2671 6
2716 4
2728 3
2747 3
2753 0
2770 8
2783 7
2786 4
2803 3
2808 7
2814 2
2835 0
2863 6
2866 2
2878 8
2884 1
2886 3
2904 2
2908 0
2921 3
2925 1
2946 0
2989 3
3005 4
3013 0
3014 8
3018 6
3028 9
3066 4
3072 1
3073 9
3076 3
3095 2
3097 2
3102 3
3108 5
3112 9
3114 1
3126 6
3130 7
3138 9
3144 6
3149 9
3157 3
3159 7
3181 6
3198 9
3200 6
3202 8
3224 6
3230 5
3243 7
3255 6
3273 3
3279 5
3281 0
3305 6
3312 5
3320 6
3333 2
3338 9
3350 5
3363 0
3366 7
3378 6
3383 7
3390 6
3397 9
3404 1
3411 1
3415 2
3426 2
3443 4
3449 9
3454 2
3464 1
3483 7
3495 7
3496 4
3512 6
3523 2
3528 5
3532 8
3537 6
3541 6
3562 0
3604 8
3606 8
3609 5
3611 6
3614 1
3617 9
3621 5
3643 7
3655 0
3662 7
3705 6
3717 9
3736 2
3746 9
3748 0
3749 4
3774 3
3776 9
3781 6
3782 8
3786 1
3800 3
3805 7
3807 3
3810 2
3817 6
3821 7
3823 9
3825 1
3858 4
3866 8
3899 0
3901 1
3905 5
3909 4
3917 7
3922 5
3954 8
3960 1
3965 8
4023 2
4042 9
4051 8
4054 9
4081 0
4082 0
4089 4
4092 5
4099 1
4113 9
4120 1
4137 8
4150 2
4151 2
4157 8
4158 8
4159 1
4174 7
4183 2
4184 1
4186 5
4202 3
4211 4
4221 4
4242 4
4253 6
4257 6
4260 6
4274 5
4280 6
4307 0
4320 0
4323 4
4335 5
4341 3
4344 3
4388 5
4393 6
4394 2
4401 1
4402 2
4438 8
4444 5
4464 8
4466 5
4480 6
4481 5
4483 8
4495 9
4505 7
4514 1
4515 9
4522 7
4528 1
4532 5
4598 0
4599 9
4605 4
4607 8
4612 2
4622 6
4646 6
4651 6
4660 8
4661 3
4688 7
4716 3
4721 1
4736 7
4742 2
4744 3
4761 2
4763 6
4790 3
4819 9
4847 8
4848 5
4853 3
4857 6
4883 3
4914 4
4919 4
4945 7
4958 0
4972 8
4991 3
4996 8
5015 5
5026 0
5029 4
5046 4
5051 2
5055 6
5073 8
5074 3
5086 6
5112 1
5128 3
5136 7
5137 1
5145 1
5169 9
5175 6
5186 3
5189 1
5194 8
5196 5
5212 1
5213 8
5220 6
5229 1
5233 9
5244 1
5257 4
5262 0
5268 0
5270 2
5283 8
5288 8
5318 1
5337 0
5352 9
5363 4
5381 4
5393 0
5399 5
5401 0
5422 5
5430 3
5444 5
5453 8
5455 4
5470 3
5472 2
5491 6
5503 6
5531 2
5544 8
5554 7
5565 1
5567 6
5570 5
5596 9
5615 2
5631 4
5634 7
5642 0
5645 7
5669 6
5681 3
5688 7
5700 1
5706 8
5709 4
5710 4
5711 6
5715 9
5722 9
5735 2
5741 7
5745 6
5754 3
5762 5
5771 8
5774 4
5777 1
5816 8
5818 1
5848 8
5869 8
5877 8
5879 2
5890 8
5896 3
5900 8
5901 2
5911 2
5916 8
5919 4
5931 4
5936 9
5937 8
5946 1
5947 9
5960 9
5968 0
5981 3
5995 3
6001 3
6004 5
6009 8
6022 1
6036 9
6046 5
6047 2
6049 7
6062 9
6071 9
6084 0
6092 1
6093 0
6096 9
6098 7
6122 0
6124 0
6128 5
6137 7
6139 6
6152 8
6183 8
6199 4
6205 0
6210 1
6213 0
6227 7
6237 7
6240 4
6245 4
6247 2
6276 5
6298 2
6317 4
6332 7
6362 3
6382 5
6402 0
6430 9
6435 5
6447 7
6466 8
6468 3
6472 0
6475 3
6498 2
6499 7
6518 4
6528 3
6541 9
6553 6
6557 5
6577 9
6581 3
6591 5
6606 4
6612 5
6628 7
6630 2
6652 8
6653 4
6669 8
6674 8
6675 4
6695 8
6699 4
6744 6
6751 4
6764 8
6769 0
6778 7
6779 7
6817 6
6841 3
6845 7
6851 1
6861 7
6866 7
6870 8
6892 1
6898 0
6899 5
6906 5
6949 6
6953 8
6957 0
6977 8
7002 3
7013 9
7017 0
7020 7
7021 4
7034 3
7041 9
7042 2
7045 4
7051 2
7052 9
7060 4
7061 5
7063 2
7068 9
7098 3
7105 3
7117 5
7138 7
7141 6
7144 8
7152 1
7153 3
7155 4
7156 6
7168 7
7187 2
7202 9
7223 7
7232 3
7233 0
7241 2
7242 2
7281 0
7289 2
7294 0
7296 8
7315 8
7324 7
7330 2
7360 5
7366 8
7369 3
7371 4
7373 5
7394 7
7409 5
7417 9
7428 4
7441 8
7442 3
7444 1
7445 6
7446 8
7460 2
7488 1
7489 9
7518 7
7534 6
7535 1
7539 6
7544 4
7547 4
7551 5
7553 4
7555 8
7558 9
7561 3
7583 4
7595 3
7597 7
7621 8
7627 0
7654 5
7658 9
7718 4
7722 2
7732 0
7768 8
7782 1
7787 7
7791 9
7828 6
7832 2
7839 7
7854 7
7875 7
7882 7
7883 4
7884 2
7893 6
7909 1
7910 3
7920 8
7937 0
7940 6
7951 7
8004 6
8028 7
8030 9
8033 1
8040 3
8063 2
8082 9
8095 3
8103 1
8112 9
8116 6
8139 1
8165 0
8187 2
8189 2
8191 2
8194 8
8195 8
