10
14 4
22 9
32 6
34 8
65 4
69 0
81 3
93 5
114 4
129 8
142 2
148 5
160 2
162 8
167 1
172 4
179 0
181 4
189 9
197 2
208 7
223 6
224 3
228 0
229 9
246 9
252 9
257 4
268 0
270 6
275 0
288 3
289 2
290 2
299 3
302 5
322 3
345 9
364 3
373 7
379 5
380 0
384 6
395 1
407 3
422 0
500 3
506 6
514 0
525 8
562 8
565 3
590 0
604 2
605 3
629 6
631 9
647 9
654 3
667 8
691 4
692 1
708 4
720 9
721 3
734 1
756 7
763 2
769 7
777 6
778 2
784 5
815 3
820 4
867 3
869 0
873 2
895 6
904 8
912 1
916 1
941 6
955 7
962 0
973 0
979 0
986 2
998 8
1017 3
1019 7
1022 8
1026 3
1028 4
1031 7
1043 6
1049 2
1050 1
1059 0
1071 6
1081 8
1082 3
1095 7
1104 9
1130 3
1136 8
1138 5
1147 0
1155 9
1168 0
1178 4
