10
4 4
12 6
13 7
27 6
61 7
71 5
73 8
94 4
98 7
105 1
107 7
114 7
120 8
137 7
154 9
156 4
164 1
170 8
183 2
207 5
218 0
239 6
241 3
254 9
255 7
281 2
282 1
316 7
334 0
338 4
350 4
357 9
358 4
361 2
365 8
377 9
390 9
399 3
400 3
402 5
407 1
409 0
411 4
419 5
424 4
425 0
431 1
436 3
447 2
456 6
465 0
466 6
484 8
493 9
518 9
519 7
550 9
557 8
565 3
570 8
580 6
617 6
619 3
621 7
626 8
628 1
629 1
647 3
665 8
688 4
700 7
726 3
731 4
741 7
745 4
752 7
765 5
775 8
777 2
783 6
791 3
800 4
803 7
816 9
826 5
828 5
850 3
851 9
877 7
918 3
921 3
929 4
936 2
946 1
956 1
957 8
1003 8
1015 4
1021 0
1027 0
1039 5
1041 7
1063 7
1074 4
1080 5
1102 3
1117 2
1149 4
1159 2
1160 2
1162 4
1188 4
1214 8
1219 4
1225 8
1244 6
1246 5
1258 7
1293 1
1303 6
1328 9
1334 3
1338 4
1348 9
1361 7
1377 5
1382 8
1388 2
1399 2
1445 3
1461 4
1471 7
1491 9
1501 5
1503 9
1513 8
1518 2
1520 4
1526 2
1542 7
1551 8
1558 2
1567 4
1593 0
1618 5
1631 4
1636 2
1650 3
1652 8
1655 6
1676 7
1698 1
1718 0
1725 3
1735 6
1740 5
1759 2
1762 3
1784 1
1800 9
1824 0
1840 0
1845 3
1854 3
1864 2
1866 6
1875 1
1880 0
1884 2
1890 0
1926 2
1930 0
1934 0
1943 0
1945 0
1946 1
1961 8
1981 2
1987 2
1992 4
1994 9
2001 4
2006 1
2025 6
2034 9
2048 8
2065 9
2068 4
2069 1
2094 9
2108 3
2138 6
2156 7
2158 4
2184 7
2185 6
2191 2
2228 7
2230 2
2236 7
2266 0
2272 7
2277 1
2288 7
2297 3
2313 5
2315 9
2320 2
2329 3
2340 9
2344 2
2345 3
2348 0
2357 0
2361 1
2374 8
2387 4
2415 0
2416 8
2436 0
2474 8
2485 7
2499 0
2504 4
2509 5
2528 0
2530 4
2534 8
2545 3
2548 9
2549 5
2552 6
2554 3
2568 0
2575 2
2580 2
2596 1
2609 4
2650 9
2664 0
2684 2
2706 4
2740 9
2742 8
2746 0
2759 2
2769 6
2780 8
2782 0
2784 1
2791 8
2796 8
2808 9
2823 2
2827 5
2854 0
2861 1
2863 4
2872 9
2875 6
2881 7
2892 5
2903 8
2904 8
2906 0
2917 4
2922 9
2931 9
2959 3
2966 0
2975 7
2980 0
2981 7
2994 1
2997 6
3001 8
3021 9
3027 6
3048 7
3051 4
3057 6
3063 5
3066 7
3071 0
3074 7
3075 7
3076 9
3101 9
3107 9
3149 3
3158 1
3161 3
3186 7
3193 5
3203 1
3213 5
3220 9
3254 0
3256 8
3268 4
3274 3
3281 2
3295 7
3304 6
3326 2
3337 5
3348 6
3370 7
3372 8
3393 7
3396 6
3405 0
3470 6
3473 1
3474 1
3477 1
3479 6
3483 7
3518 8
3521 7
3546 6
3566 1
3588 5
3592 8
3594 2
3609 6
3613 1
3615 3
3621 2
3629 7
3631 4
3645 9
3647 0
3654 6
3678 8
3713 5
3726 4
3741 9
3744 8
3756 8
3767 7
3768 1
3783 0
3791 4
3811 9
3819 0
3824 5
3838 6
3845 8
3852 0
3856 6
3857 4
3861 3
3862 3
3874 0
3877 4
3882 2
3892 0
3896 2
3898 8
3906 3
3929 2
3931 6
3945 3
3962 6
3971 6
3978 5
3986 1
3991 8
3993 2
4009 9
4031 2
4035 8
4036 1
4038 3
4039 4
4046 2
4051 9
4054 3
4066 4
4067 8
4076 7
4086 3
4088 7
4093 6
4105 9
4126 3
4156 4
4158 8
4159 9
4167 6
4171 6
4184 5
4201 9
4202 9
4204 4
4206 9
4209 6
4213 1
4238 4
4240 4
4248 9
4256 7
4265 9
4277 4
4280 2
4293 2
4304 2
4322 6
4342 2
4359 0
4360 3
4395 5
4406 6
4411 4
4429 0
4435 2
4440 7
4464 3
4466 3
4477 8
4491 8
4502 4
4504 0
4508 9
4529 6
4531 7
4542 5
4549 3
4565 9
4615 8
4617 8
4619 2
4625 3
4639 3
4660 3
4661 2
4668 5
4677 7
4694 5
4709 4
4714 7
4728 7
4749 3
4750 1
4757 3
4759 4
4766 8
4767 5
4778 1
4780 4
4788 7
4808 6
4815 2
4827 3
4833 9
4840 3
4842 7
4852 3
4858 7
4866 6
4868 0
4872 7
4889 2
4905 5
4907 7
4908 2
4913 1
4929 6
4938 7
4942 4
4944 1
4959 9
4999 1
5008 3
5014 3
5018 6
5033 5
5050 7
5071 0
5086 4
5101 0
5103 1
5139 5
5143 4
5147 8
5168 6
5169 2
5178 5
5184 4
5208 6
5215 7
5234 8
5247 6
5250 5
5263 0
5269 2
5273 4
5294 9
5295 2
5313 0
5320 7
5323 1
5337 7
5340 1
5357 2
5362 5
5367 6
5375 1
5377 1
5383 8
5403 6
5426 4
5439 2
5443 9
5444 2
5455 4
5457 3
5460 8
5468 3
5491 5
5495 0
5496 6
5500 1
5501 5
5512 2
5518 0
5531 0
5532 1
5534 5
5542 1
5545 0
5593 2
5596 7
5614 0
5615 9
5624 9
5629 4
5632 1
5647 5
5669 5
5673 2
5674 1
5676 2
5678 1
5694 4
5724 8
5728 5
5732 6
5740 0
5758 3
5764 5
5768 8
5773 3
5788 4
5790 6
5799 4
5809 2
5814 5
5828 1
5834 5
5838 0
5855 8
5874 8
5875 2
5883 8
5908 2
5913 5
5929 0
5935 7
5945 0
5957 6
5958 1
5960 1
5990 6
5991 0
6001 1
6017 2
6020 5
6035 1
6054 6
6058 7
6064 5
6082 3
6099 4
6101 3
6126 0
6131 0
6141 5
6142 5
6152 1
6162 8
6171 6
6190 6
6199 7
6209 3
6245 6
6254 0
6290 6
6295 1
6324 1
6326 7
6339 4
6341 8
6352 8
6364 9
6369 4
6382 7
6395 4
6396 9
6397 8
6418 7
6425 8
6448 2
6454 7
6479 3
6484 0
6494 1
6516 0
6524 8
6551 0
6560 2
6572 8
6585 8
6592 1
6597 6
6598 7
6607 5
6651 1
6654 5
6665 9
6678 3
6685 3
6686 1
6689 7
6690 3
6713 4
6724 0
6728 3
6730 1
6734 7
6740 2
6758 2
6766 9
6768 9
6769 2
6782 9
6789 3
6795 7
6802 0
6806 5
6808 4
6828 8
6831 1
6834 8
6838 7
6841 5
6847 5
6885 6
6896 0
6908 7
6911 0
6920 0
6925 6
6928 6
6930 2
6932 3
6935 1
6949 5
6952 1
6984 6
6986 8
6991 7
6998 4
7011 0
7023 4
7043 4
7044 7
7049 2
7060 7
7103 1
7105 5
7114 9
7116 7
7127 4
7164 8
7172 2
7178 3
7191 0
7215 4
7224 8
7274 6
7282 9
7296 2
7303 8
7306 0
7312 9
7332 6
7350 2
7372 3
7373 6
7383 8
7396 4
7397 2
7402 9
7424 5
7441 7
7466 4
7474 6
7476 6
7492 7
7500 9
7501 1
7503 8
7510 1
7529 4
7532 4
7558 8
7565 1
7570 5
7573 1
7577 8
7584 5
7593 7
