10
3 7
7 0
16 4
36 1
41 1
54 7
56 7
63 9
79 4
81 2
89 2
97 8
99 9
125 9
132 1
133 3
184 7
190 1
202 4
207 2
217 8
220 5
228 0
237 6
242 4
258 7
263 4
264 3
279 4
287 4
307 0
317 0
349 9
371 9
400 1
410 3
431 4
442 1
447 2
454 6
456 0
460 2
466 5
491 5
535 4
557 8
558 9
560 3
570 3
604 9
605 2
610 9
614 7
631 9
651 0
653 6
665 2
679 7
685 6
692 6
696 1
705 7
709 5
710 4
723 1
727 1
728 2
734 6
739 6
749 3
758 2
760 9
761 0
772 0
773 4
788 7
792 8
800 9
810 0
814 2
823 2
835 6
846 1
860 8
866 5
882 5
889 5
894 7
914 4
917 8
925 4
933 3
939 1
949 9
959 2
978 3
981 2
989 8
1011 6
1023 0
1032 1
1036 7
1049 0
1055 7
1062 5
1063 2
1071 9
1102 2
1109 2
1114 5
1126 7
1133 3
1142 9
1145 0
1155 2
1159 1
1163 3
1186 1
1190 0
1203 2
1210 5
1266 1
1270 9
1274 3
1294 5
