10
19 3
35 7
53 1
72 9
87 7
99 4
107 4
115 1
116 2
134 0
139 3
149 0
150 3
169 7
181 5
191 6
208 3
214 7
223 3
227 0
246 4
247 4
264 0
275 6
316 5
347 2
358 2
362 7
369 6
378 0
382 7
417 8
432 5
434 4
439 3
444 0
464 5
471 1
472 6
484 7
488 1
490 6
517 1
530 4
534 3
547 6
572 0
590 3
612 4
626 6
656 4
676 8
707 6
715 4
723 4
731 9
749 7
780 8
789 1
806 6
814 2
820 2
843 9
848 9
862 5
865 3
873 7
878 8
881 7
884 8
897 4
901 0
910 5
937 9
939 1
945 8
952 0
956 7
960 9
986 3
998 2
1008 3
1009 6
1016 6
1024 5
1029 4
1034 4
1041 3
1043 5
1051 1
1069 8
1079 2
1095 0
1124 1
1128 0
1146 9
1156 7
1157 4
1158 4
1170 2
1171 7
1172 9
1181 9
1192 3
1237 2
1248 4
1251 1
1254 5
1257 7
1265 2
1276 2
1279 5
1289 8
1308 5
1314 0
1324 0
1334 7
1350 5
1362 8
1384 7
1391 8
1402 2
1405 5
1412 6
1413 1
1418 4
1419 1
1443 0
1445 1
1448 0
1452 2
1461 9
1471 0
1477 1
1490 0
1497 4
1504 4
1511 1
1512 2
1524 7
1527 2
1533 5
1565 4
1587 6
1590 6
1592 2
1605 3
1613 4
1641 0
1653 2
1665 9
1686 1
1713 1
1740 5
1756 3
1770 1
1799 2
1804 8
1814 7
1822 9
1829 4
1836 4
1880 9
1906 6
1910 5
1919 1
1926 9
1927 8
1959 5
1973 5
1974 9
1981 3
1986 4
1989 2
1998 8
1999 4
2003 2
2004 1
2010 1
2015 3
2046 7
2053 2
2059 0
2063 9
2069 5
2106 7
2116 8
2119 2
2120 1
2124 4
2136 1
2137 4
2138 1
2140 9
2145 2
2150 1
2151 7
2167 6
2175 4
2231 3
2259 5
2264 8
2272 8
2280 3
2284 4
2298 2
2299 8
2318 3
2325 1
2340 4
2343 4
2346 5
2351 0
2360 3
2406 3
2416 3
2421 9
2440 0
2442 8
2451 5
2452 2
2454 7
2458 2
2464 5
2467 0
2479 5
2505 2
2518 6
2546 6
2563 9
2569 2
2630 3
2632 7
2641 2
2649 7
2656 0
2671 9
2678 6
2681 3
2684 8
2688 4
2696 6
2697 4
2698 5
2702 8
2720 3
2732 8
2741 5
2751 7
2752 9
2753 1
2767 4
2778 4
2782 7
2783 4
2785 9
2788 3
2792 1
2806 8
2818 1
2856 2
2871 8
2875 3
2878 2
2880 0
2884 3
2907 8
2910 3
2912 2
2917 9
2918 9
2924 7
2935 5
2947 2
2948 5
2958 4
2965 2
2997 2
2999 7
3008 5
3013 3
3015 5
3022 1
3044 5
3047 6
3051 3
3052 4
3053 8
3057 9
3074 2
3076 9
3104 0
3139 5
3145 8
3154 4
3158 1
3189 4
3218 4
3219 5
3233 5
3234 7
3249 3
3250 4
3254 7
3256 7
3263 4
3276 3
3282 2
3288 7
3293 6
3294 5
3307 0
3315 6
3325 5
3353 1
3360 5
3371 7
3379 6
3394 3
3431 1
3449 6
3453 1
3490 4
3495 4
3504 8
3510 0
3516 8
3517 9
3519 1
3537 4
3551 9
3571 9
3598 2
3643 1
3661 3
3671 4
3699 2
3755 2
3758 2
3767 9
3773 5
3777 3
3819 8
3829 8
3831 8
3836 1
3847 7
3855 0
3873 2
3881 1
3882 1
3884 5
3887 1
3898 8
3901 2
3909 9
3910 8
3914 6
3951 4
3957 4
3976 4
3986 5
3991 3
3995 2
4017 2
4033 7
4041 0
4044 6
4066 1
4086 7
4090 4
4097 0
4112 5
4128 0
4133 2
4140 9
4145 1
4173 7
4180 5
4187 1
4192 2
4196 2
4197 6
4199 9
4209 4
4250 6
4265 0
4266 5
4267 6
4272 6
4273 0
4277 7
4286 0
4312 3
4331 2
4345 9
4374 7
4377 5
4380 1
4382 4
4387 8
4392 6
4405 8
4407 8
4414 1
4420 0
4438 5
4452 5
4453 0
4458 7
4462 4
4470 7
4487 2
4490 0
4525 2
4554 8
4570 5
4571 5
4572 6
4584 8
4592 6
4602 1
4609 6
4612 6
4613 0
4622 6
4625 7
4651 8
4678 4
4679 5
4697 9
4703 6
4718 0
4721 8
4736 8
4737 3
4744 9
4759 1
4762 0
4781 5
4790 9
4801 7
4829 2
4845 6
4853 0
4855 5
4894 5
4923 5
4938 3
4942 2
4947 6
4970 9
4975 8
4987 1
4990 4
5015 5
5030 4
5047 5
5048 0
5079 4
5102 4
5116 9
5130 1
5132 8
5138 6
5139 0
5147 2
5159 8
5172 3
5180 5
5181 5
5183 9
5190 0
5202 0
5211 3
5226 1
5230 4
5231 9
5247 1
5251 4
5260 4
5273 7
5282 4
5325 9
5343 9
5356 7
5357 3
5372 4
5373 0
5379 9
5389 8
5396 2
5398 9
5405 2
5414 9
5420 7
5458 4
5465 8
5479 4
5528 6
5531 5
5534 6
5545 0
5546 6
5560 0
5561 4
5563 5
5565 1
5569 3
5573 9
5586 8
5587 2
5596 9
5612 9
5614 6
5618 8
5672 5
5688 7
5695 1
5702 3
5705 0
5706 7
5711 4
5714 5
5717 3
5727 8
5728 6
5780 9
5781 8
5788 0
5792 2
5806 3
5808 0
5818 8
5829 7
5852 7
5860 5
5873 8
5875 8
5877 5
5894 0
5896 5
5899 0
5900 0
5909 6
5933 2
5939 4
5971 1
5989 5
5993 8
6021 3
6059 8
6062 2
6073 9
6079 7
6083 1
6087 4
6088 2
6093 5
6094 0
6095 1
6112 9
6120 7
6151 7
6167 5
6188 3
6192 3
6194 9
6199 0
6202 2
6219 1
6221 3
6222 0
6225 5
6226 9
6233 7
6255 9
6256 2
6257 6
6284 5
6285 3
6286 0
6295 6
6300 5
6301 4
6305 8
6311 7
6315 8
6323 3
6328 8
6348 5
6364 3
6376 2
6383 7
6389 6
6390 6
6403 9
6406 3
6409 8
6424 3
6432 1
6458 7
6480 6
6490 1
6493 3
6503 0
6513 9
6514 8
6515 6
6549 7
6561 9
6588 8
6601 0
6609 1
6625 2
6633 5
6634 8
6640 2
6662 2
6668 0
6671 4
6673 7
6685 4
6714 7
6716 4
6728 5
6730 4
6742 0
6744 2
6776 5
6778 3
6781 3
6782 3
6802 3
6815 1
6819 1
6821 4
6829 1
6836 7
6842 6
6852 3
6875 8
6876 8
6911 5
6930 9
6936 1
6941 4
6952 0
6967 5
6974 1
6993 2
7000 7
7001 4
7007 5
7022 5
7023 9
7028 7
7038 3
7056 5
7068 7
7074 4
7084 8
7111 5
7131 3
7132 3
7141 4
7144 2
7163 1
7164 1
7165 7
7175 0
7188 7
7190 7
7211 8
7216 6
7217 1
7234 2
7235 7
7241 2
7244 2
7249 3
7256 3
7260 4
7298 9
7305 0
7322 5
7324 6
7334 6
7340 8
7354 6
7356 4
7360 9
7361 1
7378 4
7389 4
7398 5
7411 4
7415 2
7427 2
7437 6
7474 0
7478 5
7482 0
7484 7
7486 4
7494 8
7502 2
7504 7
7516 7
7526 7
7531 5
7535 0
7542 6
7548 6
7553 3
7555 3
7581 0
7599 4
7609 7
7618 9
7626 1
7639 0
7646 9
7657 1
7665 9
7686 1
7687 8
7689 6
7709 7
7722 2
7728 8
7731 5
7732 9
7740 7
7745 1
7752 8
7758 4
7770 8
7784 2
7786 9
7787 9
7790 4
7804 8
7806 5
7813 0
7825 6
7827 3
7841 7
7851 1
7862 0
7882 1
7883 2
7888 8
7907 9
7920 6
7923 4
7927 0
7929 4
7941 1
7943 7
7971 6
7976 9
7978 4
7995 5
8002 7
8006 0
8047 5
8066 6
8068 2
8070 0
8096 3
8136 8
8141 2
8152 0
8153 5
8158 5
8181 3
8203 3
8244 0
8246 1
8265 2
8269 7
8304 4
8316 2
8327 1
8329 8
8334 4
8339 2
8342 9
8354 0
8356 0
8363 5
8373 1
8389 3
8410 3
8414 9
8417 3
8428 1
8448 5
8456 6
8460 6
8467 9
8469 2
8501 9
8510 3
8516 6
8517 1
8521 4
8529 0
8532 7
8535 0
8538 6
8542 3
8563 7
8572 1
8584 4
8594 1
8612 0
8621 7
8628 2
8637 7
8654 9
8655 6
8656 9
8661 3
8679 3
8680 8
8696 5
8703 9
8712 9
8717 1
8723 4
8739 4
8755 9
8756 3
8773 8
8788 6
8795 8
8815 2
8849 7
8859 2
8866 8
8891 8
8922 1
8932 9
8935 7
8947 0
8951 6
8953 0
8979 0
8980 5
8990 3
8994 2
8998 9
9017 8
9028 4
9039 0
9055 0
9059 1
9069 4
9099 9
9102 8
9105 3
9106 5
9108 8
9109 0
9127 3
9136 0
9163 8
9164 0
9170 2
9178 1
9185 5
9190 4
9193 6
9210 6
9218 2
9242 2
9255 6
9292 6
9306 0
9323 7
9326 9
9327 3
9331 5
9343 8
9351 5
9368 6
9381 3
9395 0
9400 8
9429 2
9433 5
9452 0
9456 5
9458 0
9465 2
9471 5
9476 3
9498 6
9513 0
9515 2
9517 6
9523 9
9543 5
9559 6
9563 5
9571 7
9585 0
9599 3
9606 3
9608 7
9612 1
9617 4
9619 0
9623 2
9632 8
9637 3
9650 6
9651 3
9654 5
9662 2
9680 2
9681 9
9682 0
9684 3
9695 2
9712 3
9713 2
9731 7
9735 1
9737 0
9749 8
9780 4
9802 0
9812 2
9838 7
9844 7
9848 4
9909 8
9910 8
9913 2
9926 3
9940 2
9953 2
9959 3
9962 9
9967 8
9968 4
9977 8
9981 1
9985 1
9991 5
