10
10 9
12 1
13 8
15 1
17 0
23 4
28 9
34 6
42 5
50 0
62 9
65 0
75 5
77 6
95 1
100 0
105 8
129 3
130 4
131 0
136 3
138 3
141 5
150 6
164 6
167 6
174 8
186 9
187 0
207 5
213 7
220 4
233 3
239 3
242 4
275 3
289 1
291 1
308 2
334 3
353 6
365 8
379 8
388 1
392 2
396 7
403 8
406 8
409 6
419 5
428 1
458 0
464 7
486 4
491 0
492 4
494 7
503 3
540 4
543 7
547 1
552 4
554 4
556 8
559 7
612 9
624 1
627 9
644 8
645 7
665 0
691 0
733 6
744 4
755 8
759 3
761 1
762 3
775 5
785 4
815 8
821 6
839 7
883 7
892 0
902 1
919 1
928 0
944 6
949 6
965 9
970 5
981 3
988 8
989 1
1001 5
1013 3
1045 9
1065 0
1073 8
1090 5
1094 6
1097 0
1110 6
1130 8
1134 1
1139 0
1146 8
1150 5
1175 6
1187 3
1193 1
1198 9
1200 8
1208 0
1212 9
1229 5
1242 7
1253 2
1259 7
1273 1
1276 3
1285 6
1292 3
1295 0
1313 3
1336 3
1337 8
1341 5
1344 1
1345 1
1348 4
1385 5
1388 0
1397 7
1409 8
1417 2
1419 2
1442 9
1443 4
1452 1
1454 8
1463 7
1470 8
1471 4
1476 6
1482 8
1486 4
1499 4
1522 3
1525 3
1535 0
1550 8
1560 9
1584 9
1590 6
1597 4
1605 7
1611 5
1622 3
1631 3
1642 3
1643 0
1645 1
1646 0
1650 7
1655 1
1671 3
1681 8
1706 6
1709 6
1717 1
1719 9
1732 0
1746 8
1749 6
1751 4
1772 0
1775 1
1782 3
1787 2
1790 6
1812 6
1813 5
1821 0
1836 6
1861 3
1864 6
1867 0
1877 5
1878 8
1902 2
1911 5
1918 6
1926 8
1938 3
1944 3
1973 6
1984 5
1991 6
2006 0
2040 9
2045 0
2063 7
2064 6
2094 3
2095 8
2097 9
2114 9
2117 4
2119 5
2127 7
2128 9
2143 2
2153 1
2162 1
2164 0
2165 2
2172 0
2173 6
2189 5
2192 4
2198 1
2207 4
2211 5
2219 0
2222 3
2229 9
2235 2
2280 2
2283 3
2284 0
2321 7
2325 2
2348 5
2361 4
2364 9
2388 6
2398 2
2409 3
2413 2
2436 1
2438 7
2451 9
2458 7
2462 2
2469 1
2477 4
2492 2
2498 4
2511 6
2525 5
2532 1
2537 9
2545 8
2548 3
2567 9
2597 2
2599 8
2600 6
2606 8
2615 9
2643 1
2647 2
2653 3
2658 3
2659 8
2663 5
2666 7
2681 4
2710 9
2714 7
2743 6
2744 1
2746 5
2747 4
2754 4
2765 1
2791 4
2793 3
2801 6
2811 3
2814 9
2817 5
2833 8
2834 9
2843 9
2886 2
2892 8
2901 6
2904 6
2906 2
2917 7
2950 0
2958 2
2976 0
2985 0
3029 1
3036 0
3042 2
3059 2
3066 0
3088 6
3115 7
3136 5
3152 8
3194 8
3196 7
3205 0
3207 7
3214 5
3253 0
3266 4
3287 4
3309 1
3323 4
3346 5
3357 1
3362 0
3364 2
3369 8
3375 1
3405 9
3421 3
3437 3
3450 6
3451 6
3479 7
3481 3
3484 6
3498 0
3501 5
3502 0
3526 2
3527 2
3539 4
3550 3
3551 9
3575 4
3578 8
3596 5
3597 0
3599 2
3621 9
3622 8
3625 0
3642 4
3643 8
3647 4
3681 8
3684 1
3697 0
3725 3
3732 3
3736 4
3751 6
3774 1
3778 4
3781 8
3791 9
3792 9
3795 4
3802 5
3813 7
3832 7
3851 1
3858 7
3868 5
3888 4
3901 9
3906 4
3922 1
3936 1
3950 2
3964 5
3972 3
3994 8
4004 0
4020 6
4028 8
4034 3
4037 6
4049 0
4064 7
4065 5
4073 2
4091 7
4105 4
4123 8
4138 2
4154 1
4160 2
4162 3
4185 6
4187 8
4194 0
4198 0
4207 7
4222 7
4240 9
4247 6
4259 1
4268 8
4270 8
4278 0
4314 8
4340 9
4354 7
4356 4
4357 8
4364 3
4371 9
4388 8
4403 0
4406 8
4413 0
4424 4
4437 0
4445 8
4456 8
4458 6
4461 1
4471 8
4474 1
4499 6
4504 5
4512 4
4516 9
4546 4
4560 8
4569 7
4592 9
4631 5
4637 0
4640 8
4642 0
4649 0
4665 1
4671 0
4672 3
4684 9
4733 9
4745 7
4754 4
4765 2
4767 3
4782 7
4803 1
4811 2
4820 1
4833 1
4836 7
4843 0
4849 5
4853 1
4854 3
4887 3
4888 3
4896 4
4907 3
4913 4
4914 6
4951 6
4991 8
4993 7
5012 2
5023 4
5024 8
5030 6
5039 4
5051 5
5054 6
5083 0
5120 2
5131 4
5135 6
5164 4
5175 8
5197 8
5227 3
5237 2
5258 1
5260 9
5265 2
5276 9
5280 4
5282 6
5295 8
5305 3
5316 8
5317 4
5334 0
5344 1
5352 3
5362 7
5363 2
5373 8
5375 5
5376 7
5377 2
5411 0
5419 1
5435 4
5448 4
5456 0
5457 2
5462 6
5468 2
5492 3
5499 0
5503 7
5505 9
5508 8
5526 2
5547 2
5553 3
5568 6
5594 9
5616 5
5620 9
5626 5
5646 1
5672 5
5677 5
5684 5
5693 3
5694 0
5699 3
5701 9
5704 6
5710 2
5714 8
5715 7
5729 4
5747 0
5754 3
5756 4
5758 7
5765 3
5791 0
5809 1
5819 7
5820 7
5825 7
5861 3
5862 6
5869 0
5871 7
5875 7
5886 4
5899 8
5902 2
5911 2
5930 8
5948 5
5968 8
5996 2
6027 0
6034 5
6044 4
6049 8
6051 1
6065 2
6073 6
6074 7
6095 8
6113 0
6119 9
6121 1
6125 0
6153 8
6156 6
6163 8
6168 0
6170 2
6222 7
6226 5
6228 1
6240 2
6254 8
6262 2
6263 0
6274 2
6284 3
6299 0
6322 9
6323 9
6334 8
6340 9
6355 9
6368 0
6389 3
6391 3
6398 5
6401 5
6415 8
6418 8
6427 2
6437 3
6464 1
6466 8
6476 9
6477 3
6482 4
6484 4
6491 2
6500 7
6565 0
6583 5
6585 3
6596 1
6601 9
6603 2
6604 8
6615 3
6622 2
6623 5
6639 2
6646 6
6649 8
6651 9
6657 6
6661 7
6677 8
6681 6
6705 1
6722 4
6724 8
6728 0
6735 9
6737 1
6753 7
6766 5
6781 8
6796 2
6826 4
6830 5
6832 0
6843 7
6844 3
6849 2
6854 9
6881 6
6891 3
6908 8
6913 5
6922 1
6946 8
6950 9
6955 9
6965 7
6973 1
6988 6
7004 9
7015 5
7020 9
7023 1
7028 0
7039 4
7041 5
7046 7
7060 4
7097 4
7108 8
7121 1
7127 0
7133 8
7135 3
7142 3
7144 4
7155 4
7162 7
7184 6
7200 4
7215 0
7222 7
7223 0
7226 0
7231 9
7256 1
7257 0
7259 0
7271 7
7293 3
7297 6
7327 5
7329 5
7342 9
7344 6
7347 1
7351 6
7354 6
7355 1
7363 6
7364 9
7370 5
7371 1
7376 9
7380 9
7397 8
7408 1
7412 3
7416 1
7417 8
7418 4
7433 4
7435 5
7438 3
7439 3
7444 4
7449 4
7450 4
7460 0
7481 7
7507 4
7540 6
7544 2
7545 1
7549 9
7552 2
7564 3
7580 8
7607 5
7609 0
7611 7
7627 4
7641 5
7658 6
7670 5
7693 8
7701 9
7724 2
7725 8
7732 9
7746 2
7755 4
7763 0
7766 2
7773 7
7810 1
7828 2
7834 5
7839 7
7840 2
7856 3
7857 7
7859 1
7870 0
7874 0
7888 4
7902 1
7906 4
7907 4
7908 7
7920 7
7935 9
7966 4
7979 0
7982 2
8004 5
8006 8
8009 1
8028 9
8038 3
8057 0
8060 7
8074 0
8077 0
8082 4
8087 6
8106 8
8111 1
8117 8
8126 2
8133 1
8148 1
8164 7
8167 4
8187 8
8193 5
8197 5
8198 7
8210 3
8211 1
8214 9
8242 1
8247 3
8251 9
8261 7
8265 7
8266 2
8282 7
8291 2
8297 8
8350 0
8359 2
8370 2
8372 7
8379 7
8386 0
8389 0
8390 0
8398 6
8399 4
8407 1
8423 4
8424 7
8443 7
8482 2
8500 0
8503 9
8525 2
8533 0
8545 7
8551 8
8591 8
8602 9
8603 6
8606 4
8607 0
8610 3
8619 5
8620 9
8624 5
8627 6
8628 2
8630 3
8632 1
8649 3
8657 4
8662 8
8664 2
8665 0
8681 1
8686 0
8694 4
8718 2
8730 0
8735 0
8737 3
8781 6
8788 5
8807 2
8829 9
8856 3
8863 0
8874 9
8893 8
8894 0
8899 2
8925 7
8929 4
8934 3
8945 7
8946 0
8962 0
8982 2
8998 9
