10
5 4
6 4
35 6
36 6
38 2
40 6
46 6
62 4
63 2
74 5
75 7
112 2
124 8
139 2
166 8
171 0
172 4
173 1
186 3
207 0
211 9
224 7
226 7
253 3
255 5
257 4
265 8
269 7
285 5
286 9
328 9
330 2
333 2
337 8
341 1
347 2
357 0
366 5
386 0
391 3
405 0
407 9
419 9
426 3
430 7
438 5
439 9
443 8
453 2
460 1
461 8
473 6
483 5
488 6
492 2
543 3
545 7
546 0
553 0
573 2
582 1
600 6
619 3
637 9
649 1
667 3
668 5
687 9
693 9
701 2
712 9
721 9
730 6
751 6
766 5
781 0
790 4
793 3
800 0
815 2
818 3
825 5
829 7
840 7
850 5
855 3
872 5
875 8
877 0
881 1
886 4
894 5
896 2
909 4
911 6
930 7
933 7
941 6
942 9
965 4
967 1
969 9
971 2
973 8
988 4
991 3
1001 6
1016 3
1035 8
1038 9
1052 3
1070 1
1109 7
1117 2
1120 5
1142 9
1145 7
1159 6
1162 8
1182 7
1190 7
1230 9
1264 3
1270 5
1276 3
1283 2
1290 7
1297 9
1313 8
1323 6
1336 2
1340 0
1347 6
1353 7
1367 2
1368 8
1370 6
1375 5
1381 4
1423 1
1424 1
1437 3
1439 1
1442 5
1449 6
1458 6
1471 2
1475 6
1480 2
1495 7
1511 9
1517 7
1534 5
1542 8
1571 8
1583 4
1593 7
1612 5
1618 6
1635 4
1636 6
1646 3
1648 8
1655 4
1671 4
1677 2
1678 8
1690 8
1703 1
1705 0
1708 1
1719 0
1722 5
1741 5
1747 4
1750 0
1753 2
1756 6
1764 6
1769 6
1772 4
1785 4
1794 9
1806 0
1807 2
1811 9
1834 3
1836 8
1837 9
1843 6
1847 6
1848 6
1860 8
1863 7
1872 7
1885 8
1896 7
1899 9
1909 4
1926 4
1930 2
1934 2
1939 0
1941 7
1958 9
1962 3
1983 7
2009 1
2012 9
2017 7
2032 8
2033 1
2035 6
2036 5
2053 1
2056 4
2062 0
2072 7
2090 2
2097 7
2145 5
2154 1
2155 9
2180 6
2188 5
2222 4
2241 0
2248 2
2251 8
2255 8
2259 1
2267 8
2283 0
2293 8
2305 5
2322 6
2329 1
2341 6
2345 9
2359 3
2363 0
2380 3
2385 9
2387 3
2403 2
2416 5
2421 8
2443 0
2445 7
2454 6
2457 4
2475 5
2481 5
2491 4
2510 4
2535 6
2552 6
2561 7
2565 1
2576 7
2577 7
2584 0
2596 8
2597 2
2626 1
2650 9
2695 1
2697 9
2705 1
2723 4
2738 9
2758 8
2763 9
2792 2
2793 4
2799 5
2815 8
2827 3
2833 0
2834 2
2840 4
2885 5
2887 3
2890 9
2906 0
2910 4
2913 6
2954 6
2973 3
2976 5
2984 4
2990 1
2995 2
3005 5
3007 7
3019 5
3024 2
3027 3
3029 5
3035 8
3041 9
3050 9
3058 1
3086 5
3090 1
3104 0
3111 7
3122 3
3124 5
3140 8
3148 5
3149 5
3153 0
3186 0
3196 7
3215 3
3219 6
3220 4
3240 9
3242 0
3250 9
3251 6
3265 3
3290 1
3291 1
3308 3
3315 9
3321 5
3328 8
3345 7
3351 4
3356 6
3387 0
3394 8
3420 6
3451 5
3467 4
3480 0
3481 2
3482 7
