10
15 4
52 4
64 9
66 5
70 9
89 5
113 1
116 9
131 3
135 1
139 3
178 7
189 5
192 3
203 2
207 4
211 4
226 0
232 8
251 2
253 5
271 5
272 3
311 7
321 7
329 9
334 3
337 8
351 6
355 0
382 6
385 7
418 0
429 2
439 6
442 6
447 5
465 1
468 2
479 8
492 1
502 2
510 3
517 0
525 8
537 6
544 3
551 4
553 2
556 3
576 4
591 7
596 5
604 9
627 4
628 0
641 8
642 5
647 4
648 0
650 7
656 6
690 4
695 5
703 9
719 7
732 0
756 6
758 3
759 9
775 4
796 6
801 1
805 1
810 4
828 1
830 8
832 2
834 0
843 6
851 0
871 0
872 2
873 0
893 0
898 7
947 7
952 0
953 9
959 8
1014 0
1021 0
1030 7
1035 0
1071 3
1072 2
1077 3
1126 3
1134 0
1171 4
1177 8
1210 5
1220 8
1248 4
1250 4
1272 0
1282 8
1301 4
1311 4
1328 6
1332 1
1346 6
1362 8
1365 3
1371 5
1378 7
1379 8
1390 1
1396 4
1410 7
1411 6
1419 0
1448 1
1463 8
1465 3
1492 6
1502 2
1506 5
1512 9
1520 0
1529 0
1545 7
1548 3
1582 5
1585 5
1594 5
1609 4
1613 6
1617 1
1630 8
1646 3
1654 2
1668 2
1680 5
1718 2
1731 8
1751 2
1759 0
1777 4
1778 5
1781 1
1786 2
1788 4
1821 7
1831 2
1845 4
1846 0
1849 4
1856 8
1862 2
1872 9
1876 0
1882 0
1889 8
1902 1
1914 6
1930 0
1951 5
1953 4
1961 8
1971 3
1976 6
1981 0
2002 4
2016 8
2031 0
2041 3
2049 3
2054 9
2110 3
2113 2
2114 0
2134 3
2138 8
2143 8
2157 6
2167 9
2172 8
2177 7
2189 0
2194 1
2201 6
2205 6
2214 9
2219 9
2233 1
2254 8
2267 4
2268 7
2290 1
2296 4
2309 8
2325 4
2337 6
2364 7
2401 7
2430 7
2435 1
2436 0
2456 6
2471 5
2476 0
2492 8
2528 0
2554 4
2564 7
2572 3
2577 8
2582 1
2584 3
2588 5
2595 1
2604 1
2606 9
2615 6
2621 0
2624 0
2656 8
2657 2
2658 5
2659 0
2660 2
2661 9
2664 9
2668 3
2676 0
2691 9
2692 3
2694 3
2695 6
2707 2
2716 6
2717 8
2736 2
2740 4
2748 3
2757 9
2759 3
2761 0
2771 6
2793 4
2811 8
2817 0
2823 3
2855 3
2856 1
2859 4
2864 6
2872 5
2886 9
2896 4
2918 3
2936 4
2966 6
2983 5
2991 9
3000 7
3038 2
3042 1
3069 8
3080 9
3088 7
3107 2
3128 0
3151 5
3172 9
3177 1
3180 1
3194 4
3198 8
3213 4
3219 1
3222 8
3246 5
3247 7
3257 9
3261 7
3265 8
3268 6
3294 0
3328 1
3338 9
3340 3
3345 5
3368 9
3389 2
3405 2
3406 0
3416 0
3439 9
3442 2
3445 9
3458 9
3460 1
3487 3
3498 9
3499 8
3514 9
3543 1
3554 1
3568 1
3577 9
3587 5
3602 4
3622 2
3624 6
3638 6
3681 7
3692 2
3706 5
3726 2
3732 9
3751 3
3758 9
3804 8
3826 6
3827 2
3862 7
3866 5
3871 1
3876 7
3881 1
3888 2
3910 9
3933 1
3941 8
3948 7
3956 3
3972 9
3979 7
3989 7
3996 7
4003 4
4009 4
4014 9
4022 7
4026 9
4030 0
4038 7
4045 0
4055 8
4091 1
4113 6
4134 4
4135 6
4145 2
4154 5
4166 5
4168 5
4182 9
4183 8
4190 8
4197 0
4212 4
4213 0
4214 0
4232 1
4241 9
4242 4
4248 0
4277 2
4282 3
4292 0
4296 2
4317 6
4332 1
4335 4
4352 7
4354 6
4367 6
4396 0
4399 3
4408 3
4425 4
4429 9
4453 6
4468 8
4481 2
4487 6
4499 3
4507 4
4513 1
4527 0
4536 0
4585 4
4592 7
4615 0
4617 1
4619 7
4629 8
4646 7
4652 8
4656 5
4701 7
4702 5
4709 7
4710 9
4712 5
4716 3
4718 3
4720 0
4726 7
4731 9
4746 8
4754 1
4771 7
4800 3
4827 2
4834 0
4836 0
4838 6
4861 5
4877 0
4885 7
4891 9
4892 1
4902 1
4910 5
4922 0
4923 2
4946 8
4958 6
4979 9
4981 1
5000 4
5014 6
5043 7
5047 5
5061 3
5070 5
5097 2
5105 2
5115 1
5119 3
5121 2
5122 0
5123 2
5129 3
5133 6
5135 6
5143 5
5154 6
5173 9
5175 5
5180 3
5184 7
5185 7
5194 9
5223 0
5224 1
5227 4
5244 3
5247 6
5252 1
5257 9
5280 8
5304 1
5305 1
5311 1
5318 3
5320 2
5324 2
5334 1
5340 2
5358 9
5360 9
5362 0
5369 9
5380 8
5393 1
5403 9
5407 9
5423 7
5443 6
5481 4
5490 5
5492 2
5497 3
5505 6
5512 8
5540 3
5544 8
5552 2
5558 0
5561 4
5571 1
5575 7
5576 8
5596 5
5601 7
5639 6
5648 4
5649 6
5651 8
5652 6
5657 5
5660 9
5661 8
5671 7
5674 5
5676 4
5686 5
5707 0
5709 0
5711 6
5715 7
5724 9
5729 2
5738 9
5761 4
5762 4
5792 4
5818 1
5825 3
5848 8
5853 6
5856 4
5858 0
5867 7
5869 7
5883 3
5884 7
5897 9
5916 2
5922 3
5926 9
5938 3
5942 8
5944 5
5946 7
5953 8
5964 6
5983 8
5984 4
5996 5
6006 7
6007 0
6028 9
6064 0
6073 2
6075 5
6076 1
6090 4
6095 9
6097 2
6116 7
6125 8
6127 2
6135 7
6137 5
6141 6
6142 2
6145 1
6150 0
6168 6
6182 0
6192 8
6218 4
6221 2
6235 1
6244 1
6247 4
6250 9
6251 5
6253 6
6260 7
6275 4
6277 5
6284 7
6285 0
6296 6
6303 2
6323 1
6328 7
6329 4
6336 4
6338 4
6341 8
6349 8
6357 4
6358 6
6359 1
6361 6
6380 9
6386 1
6388 3
6398 0
6417 5
6418 4
6422 3
6423 6
6425 4
6426 4
6444 0
6458 6
6464 8
6475 1
6476 1
6477 9
6507 9
6523 4
6540 9
6542 8
6546 1
6570 3
6599 9
6604 1
6609 0
6619 9
6624 5
6634 4
6636 5
6643 5
6644 1
6649 1
6654 3
6665 8
6675 6
6692 9
6695 3
6697 3
6717 3
6726 4
6754 6
6776 5
6809 9
6825 5
6846 5
6848 1
6850 8
6860 0
6861 2
6896 2
6897 4
6907 1
6909 7
6911 0
6914 8
6916 4
6917 3
6918 9
6920 2
6925 8
6928 6
6930 1
6933 3
6942 6
6957 0
6961 3
6986 4
6987 8
6988 0
7001 5
7020 2
7023 6
7036 2
7050 9
7051 9
7057 3
7075 7
7085 6
7098 9
7142 6
7143 1
7153 5
7157 9
7176 0
7196 6
7199 3
7200 6
7212 2
7216 8
7232 3
7233 0
7238 6
7239 4
7242 2
7250 5
7279 9
7282 4
7293 2
7310 9
7314 5
7323 7
7331 2
7334 9
7339 5
7359 6
7364 6
7373 7
7385 2
7388 1
7396 0
