10
2 6
12 1
27 1
30 9
31 1
86 7
91 4
96 2
104 5
109 7
110 3
150 3
151 1
173 4
178 0
200 8
201 4
224 0
225 8
255 8
258 8
260 5
280 9
283 4
305 4
308 8
324 6
325 4
332 6
333 4
337 4
339 2
348 3
357 8
383 0
410 1
418 4
421 4
438 3
447 2
448 7
463 6
464 3
469 8
477 1
494 2
504 7
507 5
522 8
544 5
563 6
573 4
591 6
603 8
605 5
609 5
619 1
622 8
623 9
624 9
630 1
633 3
639 6
642 5
644 1
649 3
651 5
652 5
671 5
677 5
692 3
719 1
720 7
723 0
736 0
746 1
780 9
788 7
795 4
809 3
821 3
824 2
884 6
889 7
892 2
898 2
901 4
902 2
906 0
908 0
911 6
936 9
978 9
979 6
980 2
989 2
991 9
1003 7
1024 9
1027 9
1035 1
1048 7
1056 8
1058 1
1074 9
1113 1
1128 6
1147 8
1152 7
1156 4
1157 5
1160 8
1161 2
1175 0
1184 6
1202 9
1205 4
1211 7
1223 7
1224 1
1228 2
1252 6
1258 3
1259 4
1264 8
1269 8
1296 8
1301 3
1303 6
1315 1
1321 1
1327 0
1340 6
1350 1
1356 9
1359 3
1398 8
1399 6
1408 6
1410 0
1416 2
1417 5
1418 0
1423 4
1435 8
1439 7
1451 1
1464 9
1465 3
1470 4
1474 4
1481 3
1507 3
1508 5
1520 2
1529 7
1533 4
1543 4
1550 3
1554 2
1570 3
1597 7
1599 7
1617 2
1622 9
1623 6
1631 0
1634 9
1639 6
1665 3
1680 3
1696 9
1710 7
1715 9
1725 0
1727 3
1741 5
1752 8
1759 8
1762 2
1782 0
1787 6
1808 8
1814 7
1862 7
1888 2
1900 3
1917 1
1924 2
1933 5
1960 2
1962 5
1973 4
1986 4
1988 6
1994 1
2017 3
2023 3
2025 3
2038 7
2061 7
2069 8
2120 1
2121 5
2128 6
2145 4
2161 7
2177 2
2187 4
2191 8
2194 3
2196 2
2208 2
2211 1
2219 4
2223 6
2226 9
2232 3
2253 4
2265 7
2269 4
2279 0
2296 3
2306 3
2315 8
2318 3
2327 9
2329 9
2340 3
2343 7
2369 5
2377 2
2381 3
2384 7
2385 4
2414 9
2415 3
2423 6
2431 1
2434 3
2436 7
2463 5
2476 7
2477 3
2484 0
2494 3
2535 3
2544 1
2567 1
2568 5
2579 4
2592 4
2593 7
2614 2
2618 8
2629 4
2655 7
2665 4
2669 7
2697 5
2700 7
2701 9
2708 4
2710 4
2712 9
2714 6
2717 9
2719 9
2729 3
2733 9
2767 8
2771 4
2775 0
2793 6
2794 2
2799 8
2811 0
2830 9
2840 4
2841 8
2845 4
2851 4
2856 1
2875 4
2885 0
2893 3
2894 6
2896 4
2898 2
2919 6
2931 7
2934 4
2942 8
2949 6
2965 5
2986 1
2994 9
3004 8
3006 8
3031 8
3058 0
3072 3
3091 3
3095 1
3109 1
3112 2
3128 2
3136 7
3137 8
3168 2
3173 2
3189 0
3193 0
3217 0
3228 8
3235 7
3239 5
3281 1
