10
6 7
7 7
56 2
66 4
75 3
86 5
93 2
114 0
126 4
135 1
173 2
176 9
180 4
183 3
188 7
192 9
232 5
249 8
263 7
274 0
281 1
288 4
320 7
323 0
341 5
367 1
370 7
386 2
390 3
393 5
408 6
410 7
428 5
441 8
445 5
450 2
480 2
512 6
515 5
525 9
532 8
550 5
562 5
565 7
637 5
651 6
675 2
676 2
700 8
705 2
709 5
716 0
719 8
727 6
739 8
766 8
776 2
789 9
796 3
816 3
818 3
819 7
828 1
835 9
848 4
858 6
879 9
894 5
902 2
918 9
921 1
929 5
946 1
950 0
972 9
980 8
987 9
989 3
1010 1
1023 6
1030 5
1050 0
1059 4
1075 6
1095 6
1096 8
1109 7
1114 3
1116 8
1124 7
1128 7
1131 7
1138 6
1161 6
1164 3
1167 7
1169 0
1179 0
1187 6
1196 9
1199 2
1225 3
1226 1
1227 1
1229 5
1237 9
1252 7
1274 7
1281 9
1283 3
1289 5
1295 3
1303 0
1307 9
1320 4
1322 5
1345 7
1348 1
1360 0
1378 4
1383 4
1385 2
1406 3
1408 4
1421 3
1459 8
1467 3
1468 8
1472 2
1476 0
1481 9
1486 7
1490 8
1491 2
1523 6
1529 8
1530 7
1531 0
1533 2
1542 7
1544 2
1555 7
1557 6
1558 9
1571 2
1585 7
1600 1
1608 1
1622 6
1641 6
1647 0
1656 6
1657 6
1666 5
1677 0
1684 4
1685 7
1699 4
1709 0
1710 5
1713 1
1724 9
1729 6
1730 2
1750 0
1762 2
1763 1
1768 9
1783 9
1788 0
1805 2
1811 2
1817 9
1840 2
1865 4
1870 8
1879 8
1900 6
1902 8
1918 9
1954 0
1963 9
1976 7
1977 4
1979 6
1988 0
1996 2
2003 7
2009 9
2019 2
2034 8
2040 9
2057 1
2061 2
2070 0
2073 8
2089 7
2099 5
2101 7
2114 9
2150 8
2183 7
2199 9
2205 5
2211 9
2228 0
2237 3
2248 9
2249 2
2252 1
2280 4
2286 8
2299 7
2305 4
2309 7
2319 2
2326 1
2347 4
2353 4
2354 5
2360 5
2371 6
2412 2
2414 1
2416 1
2419 5
2434 8
2437 8
2439 9
2454 7
2457 9
2465 3
2495 4
2497 5
2510 1
2549 6
2554 5
2564 8
2578 1
2595 7
2598 5
2602 0
2627 2
2629 0
2632 4
2640 8
2644 0
2671 3
2705 1
2706 4
2720 9
2723 2
2725 5
2728 0
2741 8
2743 9
2780 6
2792 6
2806 4
2810 0
2829 4
2832 6
2839 0
2841 0
2842 6
2844 1
2853 8
2863 8
2865 5
2866 8
2893 9
2902 0
2904 1
2926 8
2934 7
2939 5
2946 1
2962 8
2963 1
2974 7
2984 9
2986 8
3000 9
3046 6
3047 9
3051 7
3062 5
3063 7
3072 9
3076 7
3080 8
3083 9
3084 4
3092 4
3102 3
3109 8
3111 8
3115 2
3121 0
3137 7
3140 3
3149 2
3165 6
3170 7
3171 8
3177 3
3181 9
3186 2
3197 9
3198 0
3202 3
3219 9
3240 1
3243 2
3256 6
3288 6
3295 4
3303 2
3316 3
3321 9
3341 1
3373 0
3385 5
3386 6
3390 3
3418 3
3430 4
3432 4
3435 0
3436 0
3456 0
3461 2
3473 3
3486 9
3510 0
3544 0
3546 1
3551 1
3566 7
3578 0
3594 2
3609 2
3626 0
3628 1
3641 6
3674 1
3675 5
3685 0
3732 1
3734 0
3737 7
3751 3
3760 7
3766 6
3774 9
3788 7
3795 7
3810 7
3811 4
3814 1
3819 5
3829 9
3838 1
3867 9
3879 3
3883 4
3884 8
3907 9
3913 7
3919 8
3933 6
3946 6
3965 9
3968 7
3989 2
4027 6
4035 0
4057 9
4076 8
4084 8
4096 3
4109 9
4120 2
4125 7
4128 5
4135 8
4149 9
4181 3
4187 6
4199 6
4201 2
4202 5
4206 8
4240 4
4245 7
4246 2
4247 0
4250 5
4256 2
4273 8
4285 4
4291 8
4332 1
4342 3
4347 8
4406 7
4411 0
4418 6
4419 7
4422 8
4423 2
4433 8
4456 5
4461 6
4466 9
4479 9
4484 2
4486 6
4489 9
4490 2
4505 8
4515 9
4533 0
4541 6
4552 4
4557 5
4573 9
4596 3
4605 8
4607 6
4616 2
4633 9
4635 9
4661 9
4680 7
4715 1
4722 1
4726 7
4729 1
4730 7
4736 9
4742 7
4752 6
4758 9
4768 6
4774 3
4778 0
4787 0
4791 8
4793 0
4810 5
4831 7
4836 5
4844 4
4846 8
4851 1
4852 3
4855 9
4877 5
4891 2
4892 0
4916 6
4931 3
4936 7
4939 8
4940 2
4974 0
5002 8
5032 0
5050 8
5052 8
5063 5
5074 5
5076 2
5106 7
5119 5
5129 3
5130 0
5147 7
5160 4
5164 7
5197 8
5227 4
5229 1
5237 9
5271 4
5285 9
5288 3
5292 5
5295 7
5309 3
5336 7
5354 3
5375 2
5380 0
5381 2
5382 7
5387 0
5402 2
5406 8
5407 2
5411 3
5414 6
5431 2
5432 6
5476 5
5480 4
5490 9
5522 3
5525 0
5534 6
5535 7
5547 9
5550 1
5554 0
5575 9
5581 4
5584 1
5588 5
5590 4
5603 1
5604 3
5628 9
5659 5
5679 9
5683 9
5686 8
5688 5
5701 9
5702 9
5743 0
5744 0
5750 9
5752 6
5758 0
5768 8
5772 2
5786 8
5801 2
5804 5
5810 2
5827 8
5844 5
5872 5
5883 2
5903 4
5924 2
5928 9
5935 6
5937 1
5939 0
5941 1
5944 7
5963 4
5981 7
5983 6
5985 4
5999 4
6010 9
6017 1
6018 5
6029 7
6030 7
6044 6
6048 5
6053 3
6058 8
6061 9
6064 9
6066 4
6082 2
6094 5
6106 7
6112 9
6114 4
6139 3
6141 9
6143 5
6144 9
6156 2
6159 1
6169 3
6172 3
6177 7
6184 4
6188 0
6201 9
6220 3
6227 4
6255 7
6266 7
6271 4
6272 5
6280 4
6290 3
6308 2
6326 1
6328 3
6339 6
6346 8
6370 5
6379 4
6400 2
6409 9
6422 3
6449 1
6452 1
6454 2
6468 0
6470 7
6473 4
6478 9
6483 1
6488 7
