10
18 6
42 0
49 6
69 7
71 6
78 1
84 2
95 3
110 0
127 2
155 4
156 1
161 2
166 8
171 1
181 7
186 8
190 8
194 9
199 8
202 4
214 9
225 0
232 0
240 3
248 0
255 1
281 9
283 2
289 1
301 5
307 7
308 2
334 5
342 8
351 2
366 1
369 4
391 3
393 7
424 1
425 3
442 3
447 2
475 1
516 9
536 5
537 8
544 9
549 1
552 0
578 5
583 6
585 3
600 6
618 1
619 9
661 7
678 3
694 5
706 1
740 3
745 4
781 0
797 8
803 1
805 3
812 4
825 1
860 0
868 5
882 2
900 8
912 4
915 5
919 5
939 3
941 5
946 3
954 7
991 7
996 4
1006 5
1007 4
1008 9
1017 7
1020 4
1035 5
1044 5
1051 2
1053 3
1071 9
1089 4
1092 0
1095 8
1106 8
1112 0
1124 0
1126 4
1140 0
1160 5
1163 4
1182 1
1185 7
1196 7
1205 6
1216 4
1228 3
1247 5
1258 5
1261 3
1269 8
1272 3
1296 8
1304 7
1323 2
1346 5
1350 4
1362 1
1363 2
1380 3
1385 3
1386 8
1387 8
1415 1
1416 7
1419 9
1424 2
1429 7
1441 5
1442 2
1444 2
1446 4
1457 3
1459 3
1472 1
1474 3
1481 1
1500 6
1502 0
1510 4
1517 9
1554 9
1569 1
1570 9
1578 0
1588 2
1591 5
1599 1
1606 9
1638 1
1690 4
1697 0
1700 1
1701 9
1703 5
1723 3
1734 1
1739 0
1740 2
1748 0
1752 6
1754 9
1769 7
1776 5
1785 3
1787 7
1808 3
1811 4
1813 0
1823 1
1837 0
1853 1
1865 5
1868 9
1871 8
1911 4
1951 3
1970 7
1973 2
1976 6
2010 0
2032 8
2046 9
2061 1
2110 8
2113 4
2120 2
2149 4
2163 6
2179 2
2200 4
2221 7
2231 7
2234 8
2238 2
2256 4
2277 3
2296 6
2314 0
2315 2
2322 6
2332 5
2337 7
2364 9
2371 1
2380 7
2388 8
2437 2
2466 9
2482 5
2497 3
2499 9
2509 8
2517 2
2534 6
2543 2
2544 6
2558 1
2562 4
2563 4
2571 6
2573 9
2593 0
2599 8
2607 7
2641 5
2659 2
2660 9
2661 9
2666 6
2668 8
2682 2
2690 9
2694 3
2732 9
2753 3
2758 3
2781 0
2788 7
2796 6
2803 0
2820 3
2829 0
2830 3
2833 9
2854 0
2873 5
2875 0
2894 8
2937 5
2938 4
2952 5
2953 8
2968 4
2973 4
2993 0
3006 9
3007 5
3014 1
3015 6
3016 5
3030 5
3033 0
3046 1
3062 5
3066 1
3067 2
3095 8
3124 3
3128 9
3134 0
3143 5
3144 8
3169 3
3203 8
3206 7
3212 8
3214 3
3216 6
3225 9
3232 0
3246 7
3258 8
3262 0
3263 4
3267 7
3277 3
3283 3
3285 1
3293 1
3295 9
3309 6
3341 1
3344 2
3367 0
3382 2
3386 7
3394 7
3396 0
3405 7
3407 3
3411 9
3424 7
3436 4
3437 9
3455 2
3457 8
3460 2
3465 7
3479 6
3495 0
3496 1
3502 1
3520 2
3548 8
3550 7
3555 5
3556 3
3563 8
3572 0
3573 5
3584 6
3603 5
3605 0
3614 6
3673 2
3675 5
3681 8
3701 5
3711 3
3717 3
3719 9
3742 0
3745 1
3763 8
3773 6
3776 6
3790 6
3799 2
3806 8
3807 9
3809 4
3825 9
3826 6
3846 9
3862 7
3880 9
3894 9
3900 6
3919 5
3924 2
3927 9
3928 2
3934 3
3952 3
3959 1
3978 5
3991 4
4000 7
4007 6
4008 6
4009 7
4037 0
4039 1
4050 0
4052 2
4053 4
4057 9
4065 9
4072 0
4099 2
4105 0
4114 3
4116 9
4126 7
4136 4
4140 7
4146 3
4160 0
4177 3
4181 2
4199 3
4217 3
4229 8
4249 8
4251 9
4252 4
4260 5
4275 7
4276 4
4308 4
4322 6
4324 5
4338 8
4340 1
4341 3
4346 6
4360 2
4404 1
4407 1
4413 8
4418 1
4423 3
4458 9
4510 9
4512 7
4518 9
4519 8
4520 0
4543 7
4545 2
4554 0
4559 1
4562 3
4576 8
4585 5
4594 1
4598 0
4614 9
4625 3
4641 2
4642 4
4650 3
4658 5
4659 8
4660 2
4674 6
4676 6
4687 7
4688 9
4706 7
4752 1
4758 5
4759 1
4761 8
4763 7
4787 0
4792 8
4802 2
4827 8
4829 6
4852 5
4856 8
4857 9
4870 2
4883 3
4887 6
4922 6
4924 5
4934 9
4939 4
4945 5
4952 3
4957 6
4959 3
4971 2
4975 9
4979 9
4980 0
4990 8
4998 6
5007 0
5009 2
5017 2
5034 0
5035 3
5037 7
5064 2
5066 7
5073 9
5074 0
5075 2
5076 0
5079 1
5093 4
5096 0
5097 8
5104 6
5108 8
5111 2
5125 8
5141 6
5142 0
5144 8
5147 1
5148 7
5151 3
5154 5
5159 7
5166 1
5194 2
5208 5
5241 1
5247 5
5249 7
5261 0
5265 7
5274 2
5276 7
5287 1
5290 7
5296 8
5309 3
5328 6
5338 7
5341 6
5343 0
5352 0
5360 7
5361 0
5379 0
5382 9
5448 2
5451 4
5468 0
5479 2
5481 3
5495 7
5508 0
5511 3
5514 6
5516 8
5527 4
5534 5
5538 7
5561 1
5570 7
5571 7
5581 9
5585 1
5592 1
5594 4
5615 4
5633 0
5635 2
5640 6
5645 1
5660 4
5680 2
5681 6
5691 1
5696 1
5710 8
5714 1
5723 2
5754 5
5802 0
5804 9
5809 7
5835 8
5836 9
5841 7
5864 4
5868 5
5881 4
5884 9
5893 8
5895 0
5910 2
5918 3
5921 1
5934 6
5948 3
5997 2
6005 7
6010 2
6036 4
6039 2
6044 0
6056 3
6058 3
6075 4
6076 9
6082 3
6085 5
6099 6
6116 0
6119 7
6125 2
6139 0
6143 8
6157 4
6159 8
6164 3
6167 4
6171 0
6191 0
6197 9
6210 2
6221 2
6228 0
6274 5
6279 9
6283 8
6289 8
6294 1
6295 7
6328 8
6335 3
6338 6
6357 5
6362 5
6381 2
6382 1
6387 4
6397 0
6398 0
6408 7
6417 3
6427 7
6435 0
6447 3
6457 0
6479 2
6524 9
6532 3
6538 6
6553 2
6562 1
6584 2
6594 8
6617 3
6618 3
6621 4
6622 9
6623 1
6636 2
6647 9
6658 8
6693 6
6697 7
6717 4
6728 3
6745 8
6747 7
6755 9
6776 1
6795 5
6808 6
6814 6
6817 7
6834 3
6836 3
6842 1
6852 7
6870 6
6884 9
6885 4
6891 5
6898 0
6900 5
6903 3
6913 3
6947 2
6958 5
6984 4
6988 0
