10
11 4
14 2
17 1
18 8
25 7
31 4
34 0
39 0
53 4
61 1
72 8
81 0
83 3
92 8
94 2
117 4
130 0
138 8
143 4
147 4
200 2
218 7
236 7
241 6
250 2
253 5
254 4
268 9
277 4
278 6
283 1
306 9
314 5
318 7
323 8
325 3
355 2
361 4
375 4
384 6
393 8
430 5
439 0
448 6
458 6
461 2
463 2
466 7
479 5
494 5
510 3
519 5
526 7
534 6
543 0
551 6
561 6
607 5
635 6
655 2
661 0
665 9
669 7
678 2
685 0
691 9
716 3
718 6
743 3
745 0
750 7
782 3
794 3
798 4
812 7
820 3
829 7
834 3
850 5
859 5
860 7
882 2
890 2
904 9
925 6
941 4
958 7
962 0
966 1
992 7
995 0
997 5
1006 5
1016 3
1020 8
1032 4
1037 4
1039 7
1061 9
1075 5
1080 0
1088 5
1090 6
1097 8
1122 2
1136 6
1146 2
1166 9
1180 6
1188 8
1196 2
1200 8
1220 4
1221 1
1231 8
1238 2
1239 7
1240 9
1264 5
1272 3
1284 5
1308 0
1321 6
1334 9
1347 1
1360 4
1363 5
1368 0
1377 7
1379 2
1409 6
1414 5
1415 3
1418 7
1419 9
1431 3
1436 5
1438 9
1443 4
1449 3
1461 2
1464 4
1471 4
1477 0
1509 0
1529 4
1534 3
1540 1
1541 0
1558 7
1559 5
1576 5
1581 2
1596 1
1627 1
1635 4
1679 7
1689 1
1700 7
1706 1
1715 6
1727 4
1730 4
1737 4
1746 5
1758 4
1799 1
1801 0
1816 2
1837 4
1855 2
1865 7
1872 7
1874 1
1887 6
1902 0
1927 8
1941 9
1946 2
1960 5
1969 9
1971 7
1979 9
1986 1
1997 4
2008 9
2011 3
2018 6
2025 8
2048 6
2049 0
2052 5
2062 2
2166 6
2175 0
2178 2
2184 2
2209 5
2220 1
2246 6
2279 5
2283 3
2286 9
2291 0
2306 4
2322 0
2350 1
2351 7
2355 8
2359 9
2360 0
2363 2
2366 0
2368 6
2371 7
2407 6
2412 2
2422 9
2431 5
2449 7
2458 9
2463 3
2465 1
2474 9
2475 2
2477 8
2495 8
2497 3
2511 5
2517 4
2550 1
2551 5
2569 9
2581 6
2593 4
2600 3
2613 5
2614 7
2627 8
2635 4
2637 2
2639 9
2655 9
2679 6
2692 4
2701 0
2707 9
2723 8
2732 4
2733 5
2744 4
2751 3
2763 8
2764 8
2776 2
2784 5
2793 1
2805 7
2810 0
2819 7
2834 4
2862 3
2889 0
2902 9
2912 9
2914 3
2921 4
2948 5
2950 3
2971 5
2975 7
3014 7
3035 9
3039 5
3046 7
3047 0
3048 8
3067 2
3089 1
3104 0
3106 9
3109 1
3123 9
3128 3
3134 7
3146 5
3173 8
3185 2
3192 5
3207 9
3241 3
3260 9
3282 4
3283 2
3286 8
3295 5
3296 2
3308 3
3336 0
3340 8
3359 2
3360 1
3364 1
3366 1
3369 3
3392 5
3395 4
3396 1
3416 9
3426 3
3428 3
3433 1
3452 3
3471 1
3481 3
3497 6
3498 3
3500 3
3512 9
3519 0
3521 9
3523 0
3533 8
3544 4
3564 1
3573 9
3588 9
3589 4
3600 6
3604 9
3609 6
3617 7
3636 1
3643 2
3653 6
3659 3
3662 4
3668 1
3671 2
3704 3
3711 3
3726 3
3776 8
3784 4
3815 9
3834 2
3861 7
3866 8
3867 7
3875 4
3886 3
3897 0
3898 9
3901 8
3920 1
3926 0
3944 1
3948 0
3968 1
3972 9
3990 1
3992 0
3995 0
3996 9
4002 2
4005 6
4030 7
4048 4
4054 7
4075 5
4093 9
4100 8
4117 7
4125 3
4126 7
4128 1
4161 8
4179 8
4186 8
4187 7
4194 5
4207 7
4217 4
4231 7
4236 9
4260 2
4262 3
4274 1
4282 1
4288 8
4308 0
4316 0
4320 2
4325 4
4328 0
4334 9
4335 8
4375 8
4383 2
4386 9
4389 3
4392 9
4399 7
4401 6
4409 4
4419 6
4424 5
4458 6
4463 5
4474 4
4484 7
4494 0
4517 6
4518 4
4520 1
4538 3
4539 0
4541 5
4542 8
4552 5
4554 3
4558 3
4565 6
4584 3
4586 9
4598 0
4602 9
4616 1
4622 0
4636 4
4669 2
4677 3
4691 7
4746 6
4750 0
4752 3
4753 2
4764 9
4766 0
4781 7
4784 3
4814 4
4842 9
4848 0
4850 4
4854 0
4859 8
4866 0
4880 8
4892 5
4902 9
4904 8
4910 8
4911 8
4919 4
4926 2
4948 6
4959 7
4964 3
4974 0
4984 7
4991 3
4997 3
5023 9
5030 3
5031 9
5045 9
5061 5
5065 9
5070 9
5077 9
5089 3
5098 6
5110 3
5118 6
5127 2
5130 1
5142 8
5156 4
5171 9
5174 0
5183 9
5188 9
5194 3
5209 9
5212 8
5218 6
5246 2
5247 0
5250 3
5252 3
5254 3
5262 4
5265 6
5268 5
5281 6
5299 8
5308 2
5313 5
5322 3
5334 4
5342 8
5345 4
5363 3
5372 2
5395 8
5406 5
5415 8
5424 0
5427 5
5437 6
5444 2
5485 8
5488 6
5496 4
5509 4
5529 4
5578 5
5586 4
5592 5
5596 0
5609 2
5624 8
5636 0
5653 7
5664 3
5669 0
5671 6
5684 6
5699 0
5710 1
5713 8
5716 2
5746 9
5752 5
5753 2
5768 7
5772 2
5781 0
5793 5
5800 4
5806 5
5814 6
5833 1
5844 4
5850 5
5856 9
5866 5
5870 7
5872 5
5873 1
5882 4
5900 7
5922 0
5926 2
5940 5
5942 5
5949 3
5950 4
5951 7
5976 0
5983 1
6039 2
6043 6
6061 2
6062 3
6067 8
6085 7
6088 3
6103 1
6119 1
6169 5
6175 9
6177 2
6190 4
6200 2
6211 9
6213 0
6233 6
6248 1
6258 8
6262 0
6277 5
6288 9
6312 3
6313 8
6317 2
6344 9
6347 4
6355 9
6357 7
6360 1
6365 3
6373 3
6377 2
6380 7
6391 9
6397 0
6399 3
6404 8
6411 0
6424 1
6427 0
6452 8
6454 4
6463 1
6465 9
6470 9
6471 5
6479 0
6490 8
6499 7
6522 0
6533 2
6552 5
6554 4
6555 2
6572 0
6574 8
6580 1
6581 5
6583 9
6587 1
6589 9
6590 6
6599 8
6634 8
6644 7
6659 4
6673 3
6674 7
6689 0
6702 8
6722 2
6723 6
6725 1
6732 2
6756 1
6773 6
6778 9
6781 9
6817 1
6825 3
6833 7
6853 4
6876 3
6889 5
6890 4
6923 9
6925 2
6933 0
6963 2
7027 5
7029 3
7034 8
7102 5
7115 0
7147 1
7169 3
7173 0
7188 1
7205 4
7209 2
7227 4
7236 5
7249 2
7269 5
7278 1
7283 2
7284 4
7288 7
7291 1
7297 4
7300 6
7307 3
7308 4
7309 2
7317 9
7324 8
7329 8
7333 8
7345 5
7363 2
7389 7
7393 4
7406 2
7415 6
7420 6
7430 3
7433 9
7435 5
7447 6
7469 9
7470 3
7490 5
7495 7
7505 4
7515 1
7528 8
7536 1
7541 8
7558 9
7570 8
7576 5
7601 5
7611 4
7623 6
7630 0
7632 0
7637 4
7680 1
7683 8
7693 2
7713 8
7716 0
7752 0
7800 0
7825 1
7858 9
7867 8
7870 4
7887 0
7936 7
7938 0
7947 5
7952 6
7953 0
7954 3
7973 9
7978 4
7999 3
8052 8
8062 6
8086 8
8096 4
8106 2
8117 3
8129 5
8166 5
8169 1
8171 4
8181 1
8188 7
8197 1
8213 4
8231 6
8234 8
8240 7
8244 6
8265 5
8274 4
8278 0
8295 1
8311 4
8316 1
8318 1
8322 1
8323 9
8326 3
8367 0
8375 8
8384 4
8391 2
8396 4
8397 8
8400 8
8409 5
8414 3
8415 6
8428 1
8437 9
8438 4
8464 3
8467 2
8469 0
8473 6
8480 8
8484 5
8490 7
8503 7
8508 4
8522 7
8529 1
8552 7
8553 5
8556 5
8569 9
8579 0
8581 0
8585 5
8591 5
8600 3
8610 5
8625 2
8628 2
8630 4
8643 8
8648 2
8657 3
8660 4
8691 6
8710 5
8713 5
8714 6
8715 1
8735 4
8737 9
8741 8
8752 2
8773 2
8788 1
8790 3
8795 3
8799 3
8801 9
8813 3
8821 2
8825 8
8846 8
8878 6
8894 8
8899 5
8911 0
8914 2
8922 3
8934 9
8936 1
8943 5
8944 4
8953 6
8956 7
8957 2
8964 4
8970 0
8973 5
8980 9
8987 7
8988 0
9008 5
9009 1
9041 5
9049 2
9051 9
9059 5
9060 6
9075 6
9078 7
9091 9
9108 7
9114 6
9128 3
9129 2
9131 2
9154 8
9173 1
9175 2
9201 1
9203 5
9207 2
9220 2
9242 1
9252 8
9253 2
9285 0
9292 6
9300 8
9301 4
9303 8
9304 5
9305 6
9310 1
9312 9
9333 1
9337 1
9341 0
9356 6
9359 7
9362 2
9374 8
9380 2
9382 3
9386 8
9387 1
9416 3
9423 7
9433 3
9436 8
9438 6
9440 8
9444 0
9445 7
9446 6
9448 7
9449 7
9452 3
9453 3
9456 5
9457 8
9462 2
9466 3
9481 1
9498 1
