10
1 6
79 8
103 4
108 2
136 8
159 8
179 6
189 3
195 1
200 6
212 8
214 0
234 4
240 0
278 3
282 3
284 4
287 8
291 5
296 5
307 7
308 9
314 8
319 9
323 8
325 8
335 2
347 6
359 6
365 0
377 0
385 1
387 3
393 8
408 5
426 9
446 3
467 7
472 7
491 2
510 0
515 8
519 0
534 4
537 7
556 0
558 8
575 6
580 2
585 1
587 8
591 4
600 3
610 3
619 3
643 8
685 0
688 4
705 3
766 0
773 2
779 2
781 5
782 8
783 7
789 7
815 1
835 8
836 4
851 2
859 3
887 2
898 1
899 2
901 4
904 5
907 3
910 7
926 1
929 5
943 9
961 6
963 8
980 2
988 0
1006 8
1023 0
1034 6
1041 8
1043 3
1046 8
1059 4
1080 5
1102 4
1107 5
1114 3
1115 2
1126 3
1127 8
1131 1
1134 4
1138 2
1148 9
1156 7
1168 7
1191 1
1195 0
1218 9
1225 5
1227 2
1228 8
1236 7
1245 9
1261 8
1263 8
1271 7
1289 2
1300 8
1304 7
1311 0
1329 6
1336 0
1340 6
1349 1
1355 6
1360 8
1369 6
1373 2
1375 0
1382 0
1401 5
1403 0
1411 2
1413 3
1418 5
1419 0
1430 2
1438 7
1453 3
1458 0
1466 9
1505 9
1517 4
1518 5
1525 9
1526 3
1536 8
1570 7
1584 8
1598 5
1617 9
1635 5
1646 8
1653 6
1710 3
1715 1
1717 1
1727 3
1762 2
1763 5
1776 6
1787 1
1792 6
1795 0
1798 3
1807 6
1815 5
1816 4
1837 3
1841 0
1842 7
1856 7
1860 3
1869 9
1893 9
1897 4
1907 4
1920 1
1926 3
1929 3
1936 1
1947 5
1948 9
1952 4
1965 8
1967 4
1968 8
1994 7
1995 0
2007 5
2023 0
2026 0
2027 7
2035 4
2038 7
2052 9
2056 0
2057 7
2082 6
2086 1
2095 5
2100 3
2112 5
2120 3
2121 5
2145 2
2160 6
2183 7
2185 6
2186 4
2188 7
2190 1
2198 5
2201 0
2204 4
2221 0
2246 3
2262 3
2279 9
2283 7
2288 5
2289 5
2301 9
2311 3
2316 5
2321 4
2323 7
2337 1
2340 6
2345 4
2363 6
2364 8
2368 0
2370 0
2387 9
2391 6
2399 3
2403 3
2414 4
2421 7
2422 3
2431 7
2436 0
2457 8
2481 1
2484 5
2506 9
2508 1
2517 1
2527 5
2543 5
2547 7
2571 8
2587 4
2601 0
2633 2
2637 1
2638 0
2646 9
2648 9
2659 6
2663 0
2686 6
2689 7
2727 9
2728 0
2740 3
2749 0
2758 5
2767 4
2776 0
2800 8
2816 3
2817 7
2828 4
2861 2
2870 4
2893 3
2896 7
2901 6
2902 7
2905 7
2909 7
2918 4
2926 2
2930 7
2949 3
2958 6
3013 9
3050 6
3051 7
3066 9
3068 4
3100 1
3102 2
3109 1
3110 7
3125 2
3134 2
3138 2
3140 3
3144 0
3153 1
3156 0
3161 6
3166 7
3188 0
3222 1
3244 5
3248 8
3254 8
3277 2
3279 4
3282 0
3295 3
3308 2
3309 9
3323 8
3329 2
3352 8
3353 8
3354 2
3361 6
3363 5
3375 0
3376 8
3379 4
3385 4
3388 5
3395 0
3396 6
3424 0
3434 4
3449 3
3481 9
3488 1
3515 0
3534 4
3560 7
3568 9
3586 5
3610 9
3681 7
3702 4
3720 2
3722 6
3725 6
3756 8
3758 8
3784 8
3788 4
3792 5
3817 5
3823 7
3832 9
3863 2
3865 1
3886 8
3887 4
3889 3
3892 0
3917 8
3919 5
3924 5
3933 4
3951 1
3952 2
3978 2
3981 9
3995 8
3996 0
4007 2
4030 8
4046 5
4067 4
4113 8
4121 8
4122 6
4125 0
4129 4
4130 3
4141 9
4150 6
4151 1
4161 1
4163 0
4166 3
4187 6
4189 6
4196 1
4257 7
4260 9
4281 5
4292 4
4310 9
4324 2
4327 2
4329 1
4334 1
4352 3
4355 5
4362 2
4363 2
4367 9
4372 7
4373 1
4380 8
4385 3
4394 5
4418 5
4422 8
4424 8
4427 7
4467 9
4476 1
4478 1
4484 7
4494 2
4503 2
4518 0
4519 6
4538 6
4565 1
4567 4
4569 9
4573 3
4583 8
4588 9
4589 0
4599 8
4602 5
4610 4
4623 7
4629 3
4630 0
4645 1
4662 3
4672 0
4675 1
4685 5
4702 0
4705 2
4712 8
4714 2
4718 1
4724 0
4735 1
4739 4
4753 8
4766 0
4769 0
4799 5
4801 9
4803 3
4809 2
4811 0
4820 1
4830 1
4838 9
4851 1
4861 7
4862 5
4875 2
4877 9
4889 3
4890 2
4901 1
4907 9
4908 4
4920 3
4945 7
4954 5
4976 3
5010 0
5014 9
5024 4
5035 5
5042 4
5043 1
5065 1
5080 3
5089 1
5099 8
