10
36 3
41 2
43 6
48 4
51 5
52 3
86 7
109 0
121 2
125 5
171 1
172 6
179 5
192 4
199 1
212 7
220 3
239 5
240 4
250 5
252 1
256 3
265 2
289 5
291 3
298 9
314 8
315 5
319 3
331 9
341 2
364 8
377 4
400 1
403 8
409 6
412 7
429 9
437 4
453 3
468 0
485 7
488 4
494 2
495 9
497 1
503 5
521 6
524 1
530 4
532 7
542 6
552 1
555 6
570 2
572 8
573 1
586 6
589 3
596 5
601 5
618 8
629 0
633 6
659 7
673 6
685 0
688 6
699 0
701 3
705 7
707 5
708 0
721 0
728 0
731 0
748 6
754 9
756 8
797 6
812 4
844 2
861 1
881 4
888 1
936 4
947 2
958 0
980 6
1030 7
1052 2
1061 6
1068 2
1075 4
1100 7
1110 1
1148 5
1151 8
1152 4
1156 8
1171 4
1184 6
1187 0
1197 0
1199 4
1211 4
1223 3
1226 2
1229 3
1232 2
1237 4
1260 7
1275 1
1285 0
1293 9
1296 5
1317 0
1324 1
1352 3
1363 0
1370 7
1372 9
1373 1
1386 1
1387 5
1392 3
1398 4
1415 5
1440 9
1449 7
1460 2
1469 6
1470 7
1472 3
1498 0
1532 4
1534 0
1538 2
1551 4
1573 9
1586 3
1587 6
1592 3
1597 7
1611 0
1617 9
1620 0
1621 0
1631 1
1633 8
1649 8
1661 9
1674 7
1678 7
1689 9
1699 6
1709 2
1716 4
1746 4
1747 6
1749 5
1779 3
1791 2
1796 0
1801 9
1810 9
1822 7
1833 7
1837 2
1852 2
1855 7
1866 8
1879 5
1898 1
1901 0
1903 8
1911 1
1913 0
1933 9
1946 0
1949 6
1951 4
1952 0
1956 5
1959 2
1962 6
1965 1
1966 4
1980 3
1981 8
1989 8
1993 6
2022 8
2030 7
2037 9
2048 6
2052 4
2089 0
2090 7
2092 9
2108 4
2111 8
2118 3
2125 4
2137 4
2138 3
2139 1
2144 0
2163 1
2164 7
2171 4
2184 2
2193 3
2227 1
2233 6
2250 2
2251 2
2264 8
2268 8
2290 9
2298 5
2328 4
2331 6
2340 6
2348 1
2374 1
2378 0
2387 4
2389 4
2398 6
2423 8
2450 2
2452 3
2454 8
2459 7
2463 6
2467 8
2471 6
2481 0
2501 3
2508 2
2517 3
2531 6
2537 5
2539 1
2545 2
2548 1
2558 2
2585 4
2586 4
2597 0
2608 5
2610 8
2618 8
2638 0
2651 1
2653 3
2666 1
2671 3
2673 5
2681 8
2691 4
2710 8
2725 8
2726 0
2727 0
2731 6
2734 5
2737 1
2738 1
2741 5
2757 8
2762 6
2792 3
2812 2
2819 3
2823 0
2846 3
2852 5
2874 6
2876 9
2885 2
2900 7
2917 2
2920 1
2938 5
2948 4
2960 2
2969 4
2972 9
2975 8
2979 3
2989 4
2990 6
2997 3
3003 5
3026 2
3045 6
3047 6
3062 9
3063 6
3077 6
3078 4
3092 0
3104 6
3107 2
3117 8
3131 4
3183 6
3188 1
3205 5
3218 4
3242 0
3284 8
3322 4
3324 2
3331 5
3334 1
3343 0
3359 8
3360 5
3364 5
3381 9
3383 4
3385 3
3407 5
3414 3
3430 6
3478 5
3479 1
3500 0
3508 7
3521 8
3537 2
3552 8
3554 4
3568 5
3569 3
3577 8
3579 5
3585 6
3594 8
3596 7
3602 9
3652 6
3672 3
3702 8
3703 6
3720 3
3721 9
3725 3
3734 8
3754 3
3765 3
3775 6
3787 6
3799 9
3802 3
3823 7
3843 9
3846 1
3876 5
3878 4
3883 7
3902 8
3905 6
3912 1
3913 6
3914 1
3915 9
3927 8
3939 1
3952 8
3969 8
3973 3
3977 8
3988 8
3998 4
3999 1
4016 1
4026 0
4027 5
4073 2
4076 2
4084 2
4099 8
4107 2
4157 5
4165 2
4177 5
4193 5
4194 2
4218 2
4223 0
4229 5
4232 3
4241 0
4243 3
4245 1
4251 1
4252 7
4260 7
4275 2
4285 7
4287 3
4288 6
4289 3
4293 7
4318 3
4324 2
4344 7
4351 7
4358 2
4389 6
4392 1
4393 9
4406 7
4411 7
4419 3
4420 8
4434 9
4439 9
4440 0
4451 8
4471 8
4476 9
4491 6
4518 3
4520 7
4525 2
4529 2
4543 9
4544 3
4561 9
4577 2
4596 2
4610 3
4614 8
4616 2
4637 4
4669 7
4674 1
4677 3
4681 9
4687 5
4699 6
4706 4
4707 2
4730 1
4731 1
4734 3
4759 9
4761 9
4767 6
4775 6
4834 4
4841 8
4881 1
4890 0
4893 8
4897 0
4914 0
4923 2
4926 7
4929 7
4930 2
4932 8
4945 0
4963 4
4980 7
5024 6
5025 4
5035 5
5050 6
5058 5
5064 2
5074 7
5076 9
5086 5
5095 5
5097 6
5100 4
5108 6
5115 4
5116 8
5134 8
5150 8
5153 9
5155 7
5173 1
5183 7
5185 9
5189 6
5190 0
5193 6
5195 1
5210 3
5212 3
5213 3
5214 5
5236 8
5241 0
5254 2
5268 6
5309 0
5315 8
5323 7
5328 3
5337 3
5358 6
5362 6
5376 6
5400 0
5408 3
5410 4
5418 7
5424 5
5480 2
5484 7
5485 1
5500 0
5503 1
5511 9
5516 4
5521 4
5531 5
5534 9
5537 7
5545 6
5564 6
5568 2
5570 1
5575 4
5582 1
5592 3
5595 1
5612 2
5614 4
5618 1
5620 4
5622 6
5632 2
5652 3
5662 7
5663 2
5674 7
5688 8
5699 7
5700 6
5703 0
5713 6
5727 8
5730 9
5753 9
5756 6
5763 0
5765 8
5767 9
5776 0
5790 0
5813 5
5824 4
5825 5
5829 3
5843 9
5848 7
5889 1
5898 1
5906 6
5918 2
5922 5
5933 1
5945 9
5953 4
5967 3
5974 2
5990 8
5996 8
6007 8
6015 0
6018 8
6024 3
6029 3
6033 6
6039 6
6066 9
6080 8
6087 5
6094 8
6096 6
6113 2
6115 9
6157 7
6164 4
6166 2
6180 3
6187 3
6191 3
6194 7
6206 8
6211 2
6235 1
6236 3
6256 0
6257 3
6282 0
6306 4
6316 4
6317 0
6327 7
6335 4
6400 8
6415 8
6419 5
6421 3
6431 7
6443 2
6457 1
6546 0
6559 4
6562 0
6563 4
6574 2
6584 3
6594 1
6618 8
6623 9
6624 9
6626 0
6635 8
6644 0
6659 3
6697 2
6711 5
6720 6
6732 4
6747 6
6749 2
6772 4
6773 6
6775 9
6782 4
6808 9
6822 0
6829 3
6844 7
6860 7
6863 8
6869 1
6888 4
6904 8
6914 6
6930 3
6969 7
6998 4
7000 4
7017 6
7022 7
7030 2
7033 3
7036 5
7037 5
7039 0
7042 9
7052 0
7056 2
7098 8
7101 0
7103 2
7104 2
7105 6
7108 3
7113 1
7119 4
7128 1
7140 0
7150 0
7169 1
7181 0
7194 7
7202 4
7209 9
7213 1
7222 4
7248 2
7265 1
7266 8
7290 3
7292 2
7297 8
7301 7
7310 3
7312 4
7315 0
7325 2
7336 0
7339 1
7341 3
7361 9
7373 0
7375 0
7379 3
7386 2
7390 8
7406 3
7407 3
7408 8
7420 9
7431 0
7435 7
7451 2
7476 3
7482 8
7497 2
7501 2
7518 9
7521 5
7534 0
7557 9
7569 6
7573 6
7578 5
7585 9
7601 3
7621 1
7625 5
7628 1
7668 3
7683 1
7690 3
7694 2
7710 3
7712 1
7719 3
7723 6
7728 2
7734 1
7743 6
7754 6
7766 8
7767 5
7775 2
7787 2
7801 8
7815 7
7818 4
7829 3
7836 4
7839 1
7843 4
7862 3
7885 2
7889 0
7896 3
7900 7
7915 2
7940 4
7946 4
7954 3
7975 4
7998 2
8007 7
8031 8
8042 9
8072 3
8075 7
8093 9
8101 0
8117 3
8118 8
8123 4
8139 4
8154 3
8162 4
8178 2
8186 0
8190 2
8198 8
8201 4
8209 0
8211 7
8215 8
8230 0
8232 0
8255 6
8264 0
8275 5
8284 5
8306 9
8361 5
8378 1
8391 9
8394 0
8401 5
8408 9
8418 6
8419 3
8427 8
8431 4
8433 6
8446 1
8449 6
8451 7
8471 6
8480 2
8489 1
8497 2
8518 3
8546 1
8563 9
8564 7
8585 1
8593 9
8602 6
8606 0
8613 9
8616 8
8620 9
8645 6
8675 7
8678 2
8690 8
8691 9
8693 8
8703 7
8707 4
8711 0
8719 3
8724 0
8732 2
8745 1
8747 6
8751 1
8756 5
8759 3
8764 6
8775 5
8777 3
8793 4
