10
15 4
40 6
44 1
48 1
75 4
101 3
106 3
113 1
121 5
127 4
128 0
131 2
143 9
145 9
155 6
168 1
190 8
199 0
222 9
223 8
227 9
252 4
257 3
262 7
265 2
269 1
283 1
287 2
288 8
291 5
307 1
329 5
332 3
359 7
388 6
389 9
395 9
417 4
492 4
498 3
504 0
536 9
538 6
540 7
557 5
561 0
582 0
591 9
594 3
614 8
619 9
621 2
626 8
635 6
642 2
655 4
659 1
676 1
687 8
700 7
707 6
720 6
728 1
746 2
754 8
758 2
764 5
767 4
775 3
787 0
798 6
807 6
808 4
813 8
821 5
834 1
840 4
844 8
845 7
865 8
870 4
882 7
886 3
891 9
893 4
909 9
917 9
919 8
931 6
954 4
962 8
973 5
1012 6
1016 9
1028 8
1033 0
1067 1
1069 2
1076 3
1082 7
1092 1
1094 0
1100 2
1107 7
1115 9
1118 3
1178 9
1193 5
1233 0
1234 2
1250 7
1260 1
1261 8
1265 5
1266 9
1270 8
1276 9
1288 0
1290 0
1307 3
1313 4
1314 5
1320 5
1351 2
1354 2
1361 7
1386 0
1397 5
1429 6
1434 7
1435 1
1443 6
1479 7
1488 7
1490 4
1491 1
1498 3
1512 2
1526 7
1531 9
1592 7
1593 6
1611 9
1621 7
1627 9
1651 5
1658 7
1675 9
1677 4
1682 9
1683 2
1692 9
1700 6
1701 0
1721 4
1741 0
1803 8
1812 1
1829 4
1837 6
1840 7
1843 4
1872 7
1900 0
1902 2
1903 2
1911 1
1968 5
1971 4
1992 3
2008 6
2038 1
2039 0
2048 1
2056 4
2057 1
2088 8
2091 1
2096 3
2101 0
2109 0
2124 4
2141 9
2142 1
2174 5
2179 9
2192 0
2205 1
2212 0
2217 5
2220 0
2234 8
2239 4
2248 7
2250 2
2253 8
2265 4
2270 4
2274 7
2275 7
2278 0
2284 6
2306 3
2313 9
2322 7
2324 9
2326 1
2343 5
2386 4
2393 1
2410 9
2419 4
2433 0
2474 7
2476 8
2477 3
2494 8
2505 2
2518 1
2521 7
2522 1
2534 3
2539 1
2546 8
2554 6
2555 7
2591 9
2597 7
2604 8
2616 5
2619 8
2631 6
2633 6
2652 3
2665 8
2702 4
2715 4
2724 4
2725 6
2727 3
2728 4
2750 4
2759 1
2760 5
2762 3
2777 2
2782 9
2787 3
2804 1
2811 9
2822 1
2836 7
2840 4
2844 7
2846 7
2851 5
2865 0
2875 1
2895 8
2899 1
2903 4
2905 7
2909 8
2915 2
2927 1
2934 2
2947 5
2979 2
2980 8
2983 2
2985 0
2988 8
3014 9
3028 7
3031 2
3036 5
3043 0
3048 6
3057 0
3069 7
3080 8
3091 1
3092 9
3095 9
3104 9
3110 2
3120 0
3125 5
3128 9
3167 6
3173 9
3178 8
3179 1
3189 1
3193 6
3197 4
3200 7
3240 4
3242 0
3257 5
3267 5
3274 2
3285 4
3292 0
3295 9
3322 7
3323 3
3330 8
3337 8
3369 3
3376 0
3387 9
3391 7
3393 0
3396 4
3408 4
3412 2
3422 7
3423 4
3428 3
3431 3
3447 3
3448 2
3462 0
3479 7
3484 1
3487 4
3497 6
3498 3
3499 9
3502 9
3519 8
3529 5
3552 3
3557 4
3590 2
3607 5
3630 9
3666 7
3668 5
3679 8
3697 4
3715 1
3716 9
3728 4
3747 1
3749 3
3760 3
3769 2
3773 1
3775 5
3783 6
3790 0
3819 8
3821 8
3822 3
3826 5
3841 5
3848 8
3859 0
3869 8
3874 1
3876 8
3905 5
3911 7
3912 2
3931 4
3942 9
3947 4
3948 5
3979 8
3981 2
3991 5
3993 2
4002 1
4004 2
4011 5
4022 1
4030 6
4033 3
4045 6
4048 0
4070 3
4098 6
4136 9
4149 0
4152 1
4155 8
4157 1
4159 6
4161 0
4163 3
4186 2
4189 6
4192 3
4195 7
4212 2
4215 7
4216 5
4224 4
4225 1
4234 2
4251 3
4268 3
4272 4
4289 9
4293 2
4297 4
4303 3
4307 6
4309 9
4312 9
4315 2
4316 7
4331 9
4343 4
4345 3
4359 1
4379 1
4382 2
4389 1
4408 7
4410 6
4412 0
4415 0
4432 4
4439 7
4445 0
4446 4
4448 3
4462 1
4495 9
4501 2
4519 4
4537 1
4549 3
4553 6
4560 9
4572 1
4582 6
4596 4
4599 6
4600 1
4613 3
4618 5
4631 5
4632 3
4645 5
4658 9
4672 4
4674 7
4684 3
4696 6
4700 2
4708 4
4722 7
4743 8
4747 3
4770 4
4777 5
4815 3
4826 9
4829 0
4832 2
4847 5
4849 5
4876 8
4884 8
4885 5
4895 4
4910 2
4930 5
4942 0
4944 2
4961 6
4963 5
4966 4
4974 4
4988 3
4995 0
5000 1
5004 6
5011 8
5019 3
5021 6
5032 2
5034 7
5049 4
5050 6
5094 8
5106 4
5124 8
5127 8
5129 4
5138 1
5139 9
5143 0
5153 5
5195 4
5198 7
5199 1
5204 3
5209 6
5212 2
5214 6
5216 0
5225 1
5243 3
5251 9
5264 2
5270 3
5290 3
5321 4
5371 0
5384 7
5390 5
5398 2
5410 2
5417 3
5420 8
5421 8
5424 2
5428 7
5444 9
5449 5
5458 9
5463 8
5485 6
5534 3
5539 1
5540 4
5550 3
5558 4
5559 5
5574 1
5596 6
5598 5
5604 2
5612 9
5626 0
5632 1
5635 5
5636 5
5640 0
5642 0
5644 2
5646 8
5676 2
5690 9
5698 3
5702 4
5713 1
5729 5
5733 6
5747 9
5769 2
5783 9
5795 7
5810 3
5812 8
5828 6
5832 5
5840 4
5846 9
5847 7
5870 4
5875 6
5876 4
5879 0
5886 1
5911 4
5928 5
5949 2
5953 9
5956 4
5958 0
5982 6
5987 5
6001 2
6022 7
6027 1
6030 4
6033 8
6040 1
6061 4
6064 9
6070 8
6079 3
6086 7
6088 3
6101 2
6108 0
6110 7
6112 4
6120 7
6143 0
6174 0
6185 4
6189 1
6208 6
6209 2
6216 5
6248 5
6250 2
6256 4
6287 7
6301 6
6305 7
6321 3
6324 7
6332 3
6341 5
6353 8
6355 8
6384 9
6390 1
6395 2
6412 3
6414 1
6430 9
6446 5
6453 7
6487 6
6491 7
6496 5
6503 5
6505 4
6516 3
6542 0
6550 9
6551 4
6556 0
6561 8
6565 1
6580 5
6585 2
6593 6
6599 4
6604 2
6630 4
6645 7
6649 8
6659 9
6671 5
6677 3
6707 6
6717 3
6738 0
6743 7
6764 5
6765 0
6776 1
6791 5
6799 0
6810 7
6871 8
6880 3
6883 3
6916 3
6924 1
6932 3
6958 9
6968 3
6980 8
6981 8
7042 2
7051 3
7057 5
7064 8
7084 7
7088 0
7097 7
7104 2
7112 8
7127 7
7130 1
7143 7
7146 7
7166 8
7175 6
7181 9
7186 6
7188 3
7191 4
7196 6
7230 6
7261 9
7266 7
7287 4
7290 2
7292 1
7294 1
7299 2
7311 5
7323 6
7328 8
7334 5
7342 5
7353 3
7380 3
7381 6
7402 2
7422 8
7424 0
7427 6
7436 9
7442 9
7450 6
7451 9
7458 0
7485 4
7488 9
7501 8
7510 1
7515 9
7523 5
7524 0
7532 5
7552 6
7560 9
7562 7
7590 3
7597 1
7632 7
7642 1
7649 8
7655 9
7659 7
7683 3
7704 2
7714 1
7715 7
7733 2
7755 6
7769 7
7785 2
7789 3
7791 9
7803 8
7807 9
7820 2
7833 7
7838 4
7857 5
7873 4
7884 2
7895 5
7901 0
7903 2
7908 8
7919 5
7965 9
7966 3
7974 9
7976 4
7982 5
7988 9
7990 6
7998 8
7999 5
8026 0
8033 3
8036 3
8043 1
8050 1
8095 7
8103 6
8106 4
8125 3
8135 7
8156 4
8186 3
8187 3
8198 9
8205 4
8206 1
8211 5
8214 4
8230 4
8238 2
8244 8
8247 1
8253 9
8265 6
8274 2
8293 0
8294 7
8325 1
8326 0
8330 9
8332 0
8334 2
8337 8
8343 2
8345 6
8347 1
8359 5
8365 3
8388 5
8391 9
8406 6
8409 7
8413 6
8418 4
8420 0
8422 4
8441 6
8446 4
8456 1
8462 7
8479 9
8495 6
8502 4
8511 9
8517 7
8526 2
8537 0
8539 1
8542 6
8546 1
8587 7
8592 9
8595 9
8606 4
8682 6
8698 3
8699 7
