10
0 7
5 7
30 9
50 0
58 5
63 0
67 0
75 4
86 5
112 1
113 5
131 1
150 9
152 7
156 3
159 0
164 1
188 2
199 9
202 8
203 8
205 9
206 8
213 9
217 7
249 1
256 5
264 3
275 9
279 1
307 4
343 8
379 3
381 5
390 0
401 1
407 6
408 7
411 5
419 7
427 7
433 5
436 4
448 0
464 4
469 9
509 2
510 2
528 7
561 2
583 1
644 0
700 7
701 7
705 4
707 3
709 0
718 9
722 1
726 4
729 4
733 6
739 9
740 4
750 8
757 7
767 6
772 9
782 0
794 9
803 4
810 8
818 8
819 8
834 1
840 8
841 2
842 7
844 8
855 6
865 2
875 0
894 4
897 7
