10
5 7
12 3
13 8
16 0
22 2
32 6
36 2
40 9
49 7
66 7
74 5
80 0
88 9
103 4
104 4
114 0
126 8
137 4
181 9
213 7
216 8
222 8
229 6
234 1
256 3
262 2
272 9
305 1
306 8
311 3
326 0
330 0
335 8
346 3
369 5
371 3
381 2
403 6
423 1
427 2
449 9
455 4
456 8
480 3
486 5
516 9
525 8
542 0
558 7
563 7
570 4
576 5
588 4
592 1
604 5
620 2
624 1
630 1
670 7
692 4
704 3
729 2
735 3
762 5
770 3
777 2
778 1
788 1
820 3
821 5
842 4
848 3
869 0
871 7
882 0
885 6
894 8
901 0
913 1
914 6
920 9
927 5
948 0
959 5
999 6
1005 6
1008 5
1012 9
1024 2
1039 4
1088 1
1094 3
1100 2
1101 8
1102 1
1111 9
1117 0
1118 5
1126 8
1130 0
1136 8
1156 5
1159 0
1168 6
1172 0
1173 0
1175 1
1191 9
1208 4
1211 5
1225 9
1231 4
1232 7
1233 3
1237 4
1245 5
1259 9
1262 5
1269 1
1270 3
1271 2
1300 3
1303 2
1311 1
1312 1
1330 6
1333 2
1351 2
1362 1
1374 5
1392 1
1402 8
1403 2
1424 2
1432 9
1461 3
1464 7
1468 6
1471 8
1483 2
1493 6
1497 0
1515 1
1525 8
1545 5
1553 7
1568 2
1570 6
1576 4
1582 9
1598 5
1599 4
1610 5
1619 0
1628 8
1632 2
1635 4
1639 7
1641 2
1652 2
1656 8
1678 3
1686 6
1703 1
1708 7
1714 1
1734 2
1748 9
1750 5
1755 5
1763 9
1774 4
1780 1
1795 3
1800 2
1802 4
1814 6
1822 0
1835 4
1838 6
1844 8
1854 3
1856 5
1862 2
1871 7
1891 0
1905 0
1919 7
1925 9
1940 1
1949 7
2006 0
2021 8
2024 3
2025 2
2031 0
2037 4
2047 2
2059 8
2086 4
2091 6
2105 2
2112 1
2114 2
2115 6
2132 9
2145 4
2152 4
2153 0
2154 4
2157 9
2161 5
2165 4
2174 0
2177 9
2181 0
2190 9
2194 5
2209 4
2211 5
2228 0
2259 5
2273 3
2275 4
2290 1
2299 1
2315 2
2328 1
2329 7
2370 0
2380 7
2381 3
2419 6
2434 2
2441 9
2442 7
2456 5
2461 1
2464 0
2491 3
2524 6
2551 1
2554 8
2558 1
2570 5
2582 3
2587 2
2603 8
2604 1
2609 0
2611 0
2624 3
2627 8
2632 0
2634 0
2640 8
2644 0
2656 3
2665 7
2671 3
2675 7
2677 3
2692 9
2698 8
2702 8
2705 1
2732 6
2760 9
2762 6
2764 6
2768 3
2787 2
2789 5
2809 3
2816 0
2823 9
2828 7
2838 5
2839 2
2852 0
2857 1
2866 2
2877 5
2901 9
2910 4
2929 3
2933 2
2936 5
2943 9
2997 3
3010 3
3018 2
3020 6
3043 0
3058 7
3074 8
3082 0
3084 5
3093 8
3118 2
3161 7
3162 6
3182 6
3193 5
3204 4
3207 0
3214 7
3221 0
3243 4
3245 5
3252 2
3255 5
3263 7
3266 0
3268 3
3290 7
3298 3
3305 1
3333 4
3337 6
3339 3
3366 7
3370 3
3436 2
3437 6
3439 1
3448 5
3450 0
3452 6
3459 5
3475 2
3482 8
3500 3
3508 2
3513 9
3514 0
3515 3
3534 4
3537 6
3551 4
3553 0
3555 1
3558 1
3564 9
3568 3
3571 5
3609 2
3616 1
3618 3
3626 4
3635 0
3640 1
3643 6
3683 8
3686 0
3705 2
3710 8
3730 1
3734 5
3738 0
3748 3
3751 5
3772 0
3774 5
3776 8
3800 8
3827 9
3831 6
3849 5
3852 9
3856 6
3857 5
3858 9
3866 9
3868 2
3873 2
3880 2
3891 5
3910 6
3934 3
3945 3
3986 2
4001 5
4016 9
4023 8
4024 1
4030 0
4031 8
4037 5
4041 7
4069 7
4087 6
4097 0
4103 5
4106 8
4121 3
4141 0
4162 0
4220 1
4221 8
4231 6
4236 0
4243 2
4250 0
4263 3
4283 6
4289 3
4294 1
4301 8
4310 2
4317 3
4324 2
4340 6
4348 7
4369 1
4372 0
4373 6
4386 6
4391 4
4411 3
4414 4
4420 1
4430 0
4444 3
4466 3
4473 3
4487 6
4489 5
4507 6
4516 6
4544 4
4546 1
4551 0
4591 1
4597 0
