10
5 8
13 8
41 9
46 8
65 2
98 3
105 0
110 0
111 8
116 8
121 8
126 0
132 4
140 2
143 9
147 6
169 7
185 0
186 8
191 8
218 0
222 2
251 7
258 8
264 5
287 9
300 4
312 6
324 3
335 1
340 7
341 0
361 6
376 2
383 0
392 5
395 2
398 1
421 6
449 5
451 2
459 1
492 8
494 3
518 7
528 1
541 8
548 3
552 8
558 6
578 6
586 0
601 1
602 4
603 8
617 3
618 6
627 6
640 7
665 4
714 6
720 9
738 0
749 0
764 7
767 8
772 7
787 3
814 5
824 4
829 7
833 8
847 4
852 4
855 7
857 1
877 5
894 2
902 7
903 9
916 0
923 5
938 9
942 5
948 3
954 2
968 0
969 9
985 9
989 9
1000 4
1008 1
1013 4
1030 4
1034 2
1037 3
1048 0
1052 0
1060 3
1063 8
1067 2
1093 9
1096 7
1097 1
1104 6
1107 1
1117 0
1119 7
1131 2
1143 2
1152 3
1162 7
1166 4
1172 3
1179 3
1186 1
1188 1
1212 0
1240 1
1259 4
1298 0
1304 3
1309 9
1313 2
1323 8
1328 0
1339 7
1347 6
1376 0
1405 3
1407 8
1416 1
1436 4
1437 7
1454 2
1459 1
1465 0
1473 1
1474 7
1475 4
1479 4
1484 1
1487 8
1500 6
1513 0
1518 9
1519 2
1525 5
1535 6
1550 6
1552 2
1586 9
1595 3
1603 3
1604 3
1642 9
1654 8
1659 2
1673 1
1676 2
1679 7
1690 2
1693 5
1697 4
1745 6
1771 9
1774 6
1784 1
1792 3
1805 4
1808 5
1820 4
1842 3
1852 5
1853 7
1876 9
1878 1
1885 9
1899 2
1902 2
1905 3
1909 8
1917 2
1925 7
1941 1
1953 1
1967 3
1979 0
1987 9
2002 2
2014 9
2018 0
2036 0
2048 3
2049 6
2050 1
2067 6
2069 2
2074 4
2080 3
2081 8
2084 3
2091 6
2100 1
2108 2
2117 2
2121 3
2122 0
2137 5
2148 9
2177 4
2178 8
2200 5
2202 8
2203 4
2217 3
2238 2
2241 1
2247 5
2255 0
2259 7
2262 8
2285 7
2293 9
2294 5
2331 8
2333 9
2350 1
2355 9
2374 2
2376 1
2397 9
2398 2
2403 4
2406 1
2416 2
2428 0
2439 9
2446 7
2464 1
2480 6
2483 6
2494 6
2497 2
2517 2
2519 8
2526 6
2529 8
2531 8
2557 5
2563 2
2577 9
2580 9
2591 9
2604 9
2611 8
2612 5
2619 9
2632 1
2634 9
2639 1
2643 4
2650 0
2651 7
2669 6
2675 3
2681 0
2683 0
2691 3
2692 6
2695 7
2709 1
2737 3
2741 2
2748 6
2777 7
2779 9
2780 0
2795 1
2796 8
2828 9
2839 5
2854 0
2893 4
2905 5
2908 2
2959 0
2960 9
2964 8
2967 4
2981 9
2982 3
3001 1
3018 9
3039 1
3061 7
3063 0
3064 4
3069 6
3076 3
3087 7
3104 1
3118 4
3130 6
3135 0
3148 5
3157 4
3166 7
3168 8
3181 7
3182 9
3193 2
3196 0
3199 5
3205 4
3206 7
3210 3
3213 4
3267 0
3270 0
3273 9
3284 3
3296 2
3299 5
3300 8
3343 4
3351 4
3375 7
3408 1
3428 8
3430 1
3442 3
3451 8
3472 3
3487 2
3491 2
3494 9
3498 8
3507 5
3517 9
3544 1
3554 7
3565 2
3569 7
3585 7
3587 2
3592 7
3596 7
3610 1
3625 5
3637 3
3645 6
3647 7
3648 4
3651 1
3657 1
3668 5
3672 0
3676 7
3683 2
3685 1
3704 2
3722 6
3727 3
3742 9
3753 6
3754 9
3785 9
3793 8
3800 5
3807 3
3812 5
3813 1
3815 5
3818 6
3826 3
3839 2
3846 9
3885 1
3914 2
3940 2
3943 7
3944 2
3955 1
3966 1
3968 5
3970 1
3974 3
3977 4
3980 6
4012 0
4024 2
4025 2
4044 9
4046 6
4050 0
4051 9
4058 2
4078 3
4090 0
4091 8
4096 5
4102 1
4124 4
4140 3
4146 8
4149 5
4150 7
4152 7
4155 8
4190 7
4210 4
4213 6
4224 9
4260 1
4261 5
4264 1
4271 4
4276 7
4285 7
4314 6
4320 2
4334 0
4345 4
4354 9
4375 1
4382 3
4387 3
4390 0
4402 9
4422 6
4445 4
4458 6
4480 4
4482 1
4485 7
4487 4
4492 4
4506 9
4513 7
4538 6
4558 9
4560 0
4566 3
4572 8
4578 5
4598 1
4602 5
4621 9
4624 8
4649 3
4650 7
4663 4
4674 1
4676 0
4681 4
4694 0
4701 4
4704 7
4711 9
4718 2
4728 2
4765 1
4770 2
4772 0
4778 4
4783 0
4791 3
4804 2
4809 7
4828 9
4840 1
4841 8
4848 3
4853 6
4857 2
4877 1
4902 0
4911 2
4912 1
4914 3
4930 6
4937 7
4940 4
4950 8
4953 9
4956 2
4962 9
4975 1
4984 4
4993 2
5022 3
5027 1
5049 7
5084 0
5090 5
5096 4
5101 8
5102 4
5104 8
5150 4
5153 1
5172 0
5195 2
5203 7
5210 6
5213 7
5216 7
5218 7
5221 5
5237 7
5242 0
5246 8
5254 3
5265 5
5267 1
5298 2
5300 3
5301 7
5310 2
5312 3
5329 6
5356 7
5385 8
5396 0
5405 3
5412 8
5413 1
5420 4
5441 9
5447 2
5467 5
5479 7
5483 8
5487 4
5489 4
5491 1
5496 8
5497 3
5514 9
5532 3
5542 4
5569 5
5586 9
5588 0
5590 0
5593 8
5632 1
5637 4
5688 6
5710 3
5718 5
5738 4
5745 5
5749 8
5754 7
5761 9
5764 8
5777 1
5785 6
5804 8
5832 3
5845 5
5855 0
5900 5
5918 0
5928 8
5937 6
5952 8
5981 4
5990 7
5994 5
5998 8
6004 4
6036 0
6071 6
6080 1
6082 3
6143 1
6147 5
6155 5
6187 7
6195 6
6196 0
6200 8
6208 3
6219 5
6223 9
6228 7
6233 9
6239 6
6266 3
6274 1
6280 5
6285 4
6288 5
6321 6
6322 9
6344 3
6347 5
6362 8
6380 1
6389 1
6395 1
6405 0
6409 0
6413 0
6417 4
6444 7
6445 5
6454 4
6467 6
6508 8
6524 6
6536 9
6545 9
6557 4
6573 4
6576 9
6579 2
6587 4
6595 2
6608 1
6609 5
6612 1
6616 4
6621 7
6627 9
6652 6
6653 6
6655 4
6661 9
6663 2
6690 4
6691 6
6695 4
6696 3
6730 2
6742 8
6773 7
6786 7
6792 8
6804 8
6805 2
6807 6
6815 7
6816 8
6825 0
6846 9
6848 4
6850 0
6852 6
6877 9
6879 0
6889 0
6895 1
6900 7
6911 9
6912 8
6931 2
6944 8
6953 0
6985 3
6988 9
6990 1
7001 3
7041 6
7056 8
7059 1
7075 4
7077 7
7083 0
7085 2
7088 5
7092 7
7142 5
7145 6
7170 2
7196 8
7197 5
7201 8
7208 4
7248 1
7260 7
7278 7
7289 7
7290 6
7297 5
7306 5
7307 7
7310 6
7320 8
7329 6
7332 0
7350 9
7359 8
7371 3
7385 4
7422 4
7425 3
7431 6
7434 4
7435 9
7446 9
7450 5
7455 2
7472 4
7482 5
7484 4
7489 7
7491 7
