10
0 8
1 8
7 2
9 4
11 2
36 7
40 4
56 8
61 5
65 1
75 4
83 6
84 3
85 5
91 0
101 1
110 3
116 3
117 9
119 2
127 1
133 4
142 4
154 0
162 4
180 7
192 4
202 8
213 1
227 8
229 2
244 4
245 7
251 0
252 7
268 0
270 5
273 5
291 1
294 7
295 2
299 2
301 3
328 9
329 7
383 5
395 6
396 5
398 1
400 0
413 1
450 3
459 2
488 5
491 9
496 1
497 7
514 2
521 1
524 7
530 1
536 2
545 9
546 2
574 8
584 2
598 3
599 3
640 4
650 9
654 8
657 0
673 0
674 5
677 8
689 6
691 2
696 9
723 8
744 4
769 1
777 9
780 2
800 0
802 6
813 7
828 1
829 2
843 6
848 3
856 8
865 3
876 2
877 3
881 3
883 1
885 4
915 2
930 1
961 7
969 4
1006 3
1023 9
1042 4
1063 9
1074 1
1086 9
1096 1
1101 7
1103 7
1111 9
1112 3
1116 4
1121 0
1147 2
1153 0
1165 0
1172 8
1187 5
1203 0
1208 0
1225 6
1229 5
1239 8
1247 9
1249 1
1250 5
1252 4
1257 3
1265 8
1275 6
1280 6
1282 2
1284 4
1300 7
1303 9
1307 8
1314 9
1352 4
1353 9
1355 1
1365 7
1377 8
1398 0
1450 8
1467 0
1471 0
1472 0
1488 2
1513 5
1525 2
1527 6
1539 5
1541 6
1542 6
1561 2
1573 3
1583 9
1628 7
1632 7
1641 2
1654 5
1670 3
1686 7
1690 1
1695 8
1707 1
1711 4
1738 5
1739 6
1740 0
1748 6
1754 6
1757 9
1772 7
1773 4
1777 1
1784 3
1792 1
1801 9
1815 9
1816 4
1817 7
1820 1
1830 4
1838 6
1849 0
1857 9
1868 6
1871 9
1878 8
1890 3
1898 1
1913 3
1954 7
1962 2
1975 1
1986 8
2002 4
2012 8
2027 7
2032 6
2033 5
2050 0
2053 8
2072 3
2082 5
2102 3
2123 3
2128 6
2147 7
2150 2
2167 7
2183 4
2189 1
2190 9
2193 9
2195 6
2214 4
2221 9
2223 5
2233 0
2265 8
2288 5
2289 0
2296 7
2303 0
2313 2
2327 3
2330 7
2335 2
2344 6
2366 6
2391 6
2416 0
2425 0
2426 6
2430 3
2444 6
2454 6
2480 6
2496 3
2507 6
2519 0
2528 0
2530 1
2532 8
2535 4
2553 2
2562 2
2564 4
2575 4
2601 9
2602 2
2610 8
2612 6
2625 3
2647 8
2648 4
2649 3
2661 1
2684 1
2697 4
2712 1
2715 4
2722 7
2727 7
2735 0
2748 9
2751 0
2753 5
2760 7
2769 8
2781 7
2799 5
2803 4
2805 8
2810 1
2816 4
2818 3
2823 3
2832 0
2844 0
2851 7
2855 7
2872 8
2901 9
2902 6
2912 8
2929 1
2936 2
2937 4
2954 5
2964 3
2971 7
2975 5
2990 2
2991 5
3004 1
3009 5
3014 0
3039 0
3048 6
3075 9
3080 9
3086 4
3087 5
3097 5
3100 4
3104 6
3123 6
3126 5
3134 7
3145 5
3149 7
3152 0
3168 2
3171 0
3175 6
3181 0
3208 4
3209 5
3217 8
3229 3
3249 3
3255 5
3279 5
3288 7
3289 8
3290 3
3302 0
3306 1
3319 1
3329 1
3336 0
3372 9
3379 5
3398 4
3411 2
3414 3
3425 1
3429 4
3430 1
3435 5
3438 5
3444 6
3446 6
3459 0
3460 6
3465 0
3468 8
3469 2
3481 9
3487 1
3499 6
3500 5
3528 4
3538 2
3554 7
3555 5
3562 2
3580 2
3581 9
3600 8
3609 4
3611 6
3615 7
3620 3
3632 8
3636 1
3650 5
3692 8
3700 3
3751 3
3757 7
3759 1
3767 0
3768 6
3799 0
3811 9
3819 6
3820 4
3845 8
3866 5
3882 6
3889 4
3921 3
3923 5
3940 0
3978 8
3981 0
3982 7
4016 3
4050 2
4064 0
4066 2
4069 8
4075 9
4076 9
4080 0
4083 6
4086 1
4111 9
4112 5
4135 3
4140 1
4149 8
4150 3
4156 9
4159 6
4184 6
4192 6
4201 4
4215 7
4219 5
4225 6
4235 8
4240 8
4246 3
4261 9
4290 8
4292 2
4298 9
4303 5
4314 3
4316 3
4328 2
4329 4
4337 1
4353 9
4383 0
4397 6
4401 8
4407 5
4409 9
4463 0
4475 6
4476 2
4492 5
4494 7
4499 5
4500 7
4508 8
4514 4
4519 9
4542 8
4544 8
4561 0
4566 8
4579 8
4602 8
4614 0
4637 4
4641 3
4662 0
4666 3
4675 9
4680 7
4692 1
4699 5
4711 5
4732 8
4735 3
4745 2
4751 7
4752 5
4760 6
4791 7
4805 4
4806 9
4808 2
4811 7
4812 1
4832 4
4844 0
4850 0
4859 4
4865 1
4868 8
4870 4
4874 1
4914 4
4920 7
4922 0
4925 9
4931 5
4934 1
4938 3
4955 1
4968 8
4974 2
5005 6
5007 8
5028 1
5031 1
5033 9
5040 4
5044 0
5046 0
5055 3
5074 0
5082 0
5086 8
5099 5
5111 1
5119 0
5122 6
5130 3
5171 9
5173 0
5176 1
5193 9
5197 2
5202 4
5216 1
5226 2
5227 5
5248 5
5249 1
5256 4
5267 3
5286 2
5295 1
5320 2
5337 2
5355 8
5362 1
5384 3
5388 6
5411 6
5422 6
5452 3
5454 1
5455 9
5464 7
5481 6
5498 2
5502 9
5511 8
5535 0
5549 0
5556 2
5559 0
5561 6
5577 5
5578 0
5605 7
5607 8
5616 9
5629 2
5660 3
5676 2
5678 4
5689 1
5705 4
5709 2
5721 8
5730 0
5738 9
5761 2
5769 5
5772 4
5779 2
5790 1
5794 2
5822 6
5823 9
5836 0
5841 0
5855 5
5863 4
5880 4
5883 3
5889 0
5899 0
5904 4
5908 9
5909 4
5937 2
5952 2
5959 8
5962 7
5994 5
6021 3
6062 2
6066 3
6076 7
6079 1
6084 4
6091 3
6103 6
6111 5
6120 0
6133 4
6136 0
6147 8
6171 9
6172 7
6176 7
6183 3
6195 3
6202 4
6205 3
6206 4
6224 4
6239 2
6251 7
6262 8
6310 9
6311 3
6319 8
6324 5
6340 5
6348 3
6366 8
6372 5
6381 0
6388 4
6407 5
6412 5
6422 2
6434 9
6435 8
6460 5
6462 5
6487 6
6494 9
6506 1
6508 5
6523 0
6532 8
6546 2
6560 2
6565 8
6568 3
6569 4
6584 0
6600 6
6602 8
6625 8
6629 3
6649 4
6656 9
6664 7
6675 9
6679 7
6691 6
6695 2
6699 5
6705 2
6715 4
6720 7
6722 3
6724 2
6727 2
6730 5
6751 9
6765 0
6775 1
6792 8
6822 1
6829 7
6833 4
6834 4
6837 0
6840 2
6845 0
6855 3
6873 9
6903 5
6912 5
6934 7
6937 4
6943 8
6983 3
6991 4
6999 0
7008 3
7012 5
7030 5
7049 5
7057 0
7063 0
7071 3
7102 1
7128 8
7131 5
7140 1
7150 9
7170 8
7173 6
7197 5
7199 1
7204 3
7241 1
7254 2
7264 6
7274 5
7291 3
7298 5
7320 8
7322 9
7364 3
7380 8
7409 0
7411 1
7419 8
7431 2
7469 9
7492 6
7505 4
7515 5
7519 3
7522 1
7528 5
7548 6
7565 6
7583 0
7591 0
7594 9
7608 0
7610 9
7625 8
7631 6
7654 1
7659 0
7665 9
7666 1
7699 3
7709 8
7711 3
7713 7
7717 9
7721 9
7722 7
7723 2
7740 6
7761 2
7766 8
7770 1
7771 4
7792 6
7802 6
7820 4
7879 7
7882 5
7894 8
7939 5
7946 6
7951 5
7972 5
7976 7
7986 0
7989 8
7993 8
7995 2
8014 6
8045 4
8052 5
8055 1
8087 6
8090 6
8101 4
8107 0
8118 9
8141 0
8143 4
8145 7
8148 2
8160 0
8185 6
8187 3
8196 0
8208 8
8226 3
8227 7
8230 4
8241 4
8244 3
8249 1
8253 2
8258 3
8276 4
8280 8
8282 5
8285 5
8329 3
8344 1
8348 2
8349 3
8353 7
8359 5
8366 9
8416 8
8422 8
8436 0
8437 3
8443 5
8464 7
8475 6
8477 1
8480 1
8491 2
8493 6
8506 3
8516 8
8517 3
8526 8
8530 2
8539 0
8546 4
8552 4
8564 4
8571 5
8586 2
8596 4
8603 3
8606 8
8607 9
8613 3
8616 6
8637 7
8642 3
8648 8
8653 6
8661 3
8663 9
8671 0
8674 8
8676 7
8685 8
8690 0
8694 5
8704 6
8717 4
8733 4
8747 4
8784 9
8824 7
8831 5
8845 5
8855 6
8872 0
8878 6
8880 7
8881 6
8883 6
8884 9
8885 3
8886 3
8891 5
8908 2
8919 2
8932 0
8935 4
8939 4
8947 0
8953 0
8963 0
8969 2
9004 4
9012 8
9036 9
9039 4
9057 5
9062 5
9095 2
9106 3
9110 4
9125 1
9134 1
9145 8
9164 4
9186 4
9195 8
9204 6
9222 8
9237 2
9243 5
9261 6
9266 0
9267 9
9270 6
9276 6
9289 6
9291 3
9320 1
9334 5
9357 4
9366 2
9376 7
9399 8
9400 8
9420 3
9431 6
9432 3
9447 4
9456 5
9466 4
9484 3
9490 5
9510 9
9517 3
9532 7
9537 3
9551 0
9562 6
9582 6
9590 1
9592 3
9601 9
9605 5
9606 2
9609 3
9617 1
9620 9
9630 9
9637 7
9645 1
9658 5
9662 8
9702 4
9735 0
9750 2
9757 0
9771 4
9813 7
9814 4
9817 4
9818 1
9821 0
9822 0
9826 1
9832 7
9834 4
9866 0
9879 5
9895 3
9896 8
