10
1 3
2 2
8 7
29 7
30 2
39 4
40 3
52 3
80 5
100 0
114 5
134 9
140 3
145 7
186 2
187 3
200 3
201 8
215 5
219 2
225 1
230 8
237 0
253 5
274 4
275 7
280 4
286 5
290 4
367 8
384 1
408 2
435 2
438 1
440 2
441 9
446 8
459 7
469 0
470 4
480 1
481 4
512 2
520 2
526 9
545 9
553 4
558 9
563 3
572 7
597 1
620 9
631 3
653 7
661 8
673 8
682 8
695 6
696 2
702 6
710 7
713 6
747 3
753 0
763 5
779 9
781 2
784 1
805 9
806 6
813 7
818 6
828 9
833 7
840 9
851 3
856 6
858 6
863 9
894 2
900 9
901 4
923 8
924 4
929 7
937 4
946 6
952 5
953 5
966 0
970 5
980 4
982 2
983 7
989 5
1004 2
1010 6
1012 6
1015 4
1020 0
1025 9
1040 4
1053 9
1055 9
1070 6
1088 7
1091 9
1092 3
1094 7
1095 9
1102 1
1109 6
1111 5
1113 7
1115 0
1120 5
1131 1
1136 2
1153 5
1171 5
1172 7
1176 3
1179 8
1181 1
1182 3
1205 7
1209 5
1217 1
1221 9
1223 0
1226 3
1228 3
1230 2
1242 6
1249 6
1252 6
1261 4
1272 3
1288 3
1307 2
1316 8
1317 0
1357 9
1384 7
1385 5
1389 4
1405 5
1407 8
1438 7
1440 4
1449 6
1452 1
1457 8
1458 2
1459 8
1461 6
1482 4
1502 7
1535 9
1560 8
1566 8
1569 3
1585 9
1608 5
1611 6
1621 4
1626 6
1651 7
1678 6
1680 3
1690 1
1696 4
1697 4
1735 7
1736 9
1745 6
1747 8
1753 4
1779 6
1784 0
1786 1
1787 2
1805 8
1806 7
1810 3
1826 4
1834 9
1837 1
1870 2
1890 4
1906 0
1925 2
1927 8
1966 1
1969 3
1984 7
2004 0
2022 4
2032 3
2033 0
2049 4
2074 3
2080 4
2085 4
2086 7
2090 1
2094 2
2100 5
2101 4
2112 7
2127 3
2131 4
2154 2
2198 4
2215 8
2218 5
2223 8
2226 7
2233 0
2239 4
2245 8
2266 4
2269 3
2284 8
2290 4
2303 3
2305 5
2306 9
2321 5
2324 6
2346 3
2354 3
2365 8
2372 0
2385 3
2403 0
2413 6
2427 3
2436 6
2453 5
2481 8
2482 9
2485 0
2489 1
2524 1
2535 7
2558 3
2574 7
2583 4
2603 2
2605 9
2607 9
2616 2
2633 7
2635 5
2640 1
2643 8
2645 4
2648 9
2653 6
2656 1
2660 4
2682 3
2684 1
2693 4
2696 5
2710 6
2732 3
2735 8
2736 8
2737 7
2749 3
2760 2
2763 9
2798 0
2800 1
2803 5
2813 9
2814 5
2817 5
2848 0
2853 9
2856 7
2881 7
2882 6
2883 3
2884 2
2891 4
2941 4
2942 9
2968 3
2969 3
3000 2
3003 8
3013 3
3014 7
3022 2
3028 5
3050 4
3081 3
3086 6
3125 1
3126 6
3136 0
3156 8
3166 8
3190 0
3207 9
3215 5
3219 7
3251 2
3261 7
3262 4
3264 5
3289 7
3300 9
3304 8
3306 3
3313 4
3315 4
3328 9
3330 7
3333 5
3337 9
3348 3
3374 5
3398 5
3399 8
3402 8
3465 6
3466 5
3513 6
3516 8
3518 7
3534 6
3538 0
3539 3
3557 4
3558 0
3575 3
3578 7
3583 4
3595 4
3614 5
3617 6
3620 5
3624 3
3629 6
3637 2
3639 5
3642 2
3645 9
3650 3
3660 5
3680 7
3738 7
3750 9
3757 2
3758 2
3766 0
3772 3
3776 6
3806 9
3814 7
3815 8
3823 3
3842 7
3845 4
3862 5
3864 6
3872 6
3877 8
3887 0
3893 1
3894 3
3898 2
3902 7
3904 7
3908 3
3909 7
3928 8
3929 6
3932 6
3949 6
3993 1
4003 5
4004 6
4006 1
4028 1
4029 4
4033 7
4036 8
4043 7
4044 4
4050 8
4057 5
4060 4
4065 3
4088 5
4098 9
4102 8
4115 7
4134 8
4148 7
4166 6
4213 9
4243 7
4250 2
4268 1
4275 1
4285 6
4287 8
4302 9
4344 3
4354 8
4358 0
4369 5
4383 3
4385 3
4387 7
4392 3
4398 8
4422 4
4428 5
4431 8
4459 0
4476 0
4487 8
4488 0
4517 7
4518 7
4523 9
4535 3
4537 8
4550 0
4574 7
4608 3
4612 1
4623 2
4632 4
4639 6
4645 4
4657 4
4659 7
4661 4
4662 7
4664 9
4666 2
4672 8
4680 3
4682 0
4695 4
4699 2
4704 9
4712 5
4717 3
4736 7
4740 4
4757 3
4786 9
4792 2
4793 1
4802 8
4817 7
4819 1
4824 6
4830 0
4831 9
4835 7
4856 8
4871 1
4880 4
4885 1
4890 1
4893 1
4902 6
4908 3
4913 5
4916 9
4924 4
4928 1
4929 4
4933 2
4941 9
4943 5
4961 8
4983 7
4987 1
5003 2
5015 8
5017 6
5045 6
5049 3
5057 6
5074 0
5078 2
5109 3
5113 8
5125 5
5131 3
5140 4
5168 3
5179 7
5199 3
5201 1
5211 9
5216 9
5254 2
5271 2
5298 7
5301 6
5312 3
5317 5
5325 5
5329 0
5351 5
5352 5
5353 8
5365 2
5368 1
5383 1
5384 7
5404 3
5417 8
5420 6
5444 7
5453 3
5462 9
5474 4
5475 6
5484 0
5508 5
5522 8
5525 9
5532 1
5561 4
5564 2
5581 0
5585 7
5592 7
5636 5
5644 6
5655 2
5662 5
5663 8
5669 8
5670 7
5672 8
5685 2
5687 8
5689 7
5693 6
5719 4
5739 2
5743 0
5763 2
5778 2
5781 9
5782 5
5790 3
5795 8
5797 5
5815 7
5828 5
5836 8
5844 9
5865 5
5867 7
5881 7
5882 7
5895 0
5902 2
5909 7
5915 6
5929 9
5939 4
5954 8
6004 7
6011 1
6038 1
6041 7
6054 7
6061 9
6063 1
6068 1
6070 5
6086 9
6098 3
6121 5
6131 0
6137 9
6172 0
6177 7
6182 3
6185 9
6193 6
6202 1
6210 2
6212 1
6215 5
6249 1
6252 1
6268 6
6272 3
6274 9
6288 9
6304 3
6306 7
6309 0
6319 9
6344 4
6347 7
6349 6
6354 3
6365 2
6382 3
6384 3
6388 9
6405 4
6410 8
6424 5
6465 5
6466 5
6472 4
6478 3
6490 0
6512 6
6517 0
6531 1
6532 0
6585 8
6603 5
6610 5
6632 0
6641 4
6660 7
6661 0
6663 6
6667 6
6693 3
6696 7
6699 2
6718 2
6727 2
6734 7
6744 0
6745 9
6750 6
6767 0
6771 5
6795 6
6839 8
6844 7
6848 4
6860 0
6863 7
6884 2
6891 6
6900 1
6906 7
6935 7
6965 2
6970 0
6975 2
6976 3
6978 7
6979 7
6984 3
6987 1
6994 8
6995 0
7001 4
7002 6
7007 1
7026 7
7038 5
7057 3
7075 0
7078 3
7082 3
7085 2
7090 6
7097 3
7120 2
7124 8
7143 5
7166 7
7175 1
7180 3
7181 6
7192 6
7200 7
7210 3
7218 3
7224 8
7236 3
7239 9
7241 0
7243 6
7259 4
7269 2
7277 3
7278 1
7281 0
7283 8
7298 3
7324 6
7334 1
7335 1
7344 4
7350 5
7352 5
7358 7
7391 8
7403 3
7407 3
7408 1
7410 5
7422 4
7432 0
7444 9
7457 5
7467 3
7486 7
7513 9
7514 9
7516 6
7526 0
7528 9
7545 3
7558 8
7559 5
7562 2
7566 5
7579 8
7584 2
7586 7
7587 4
7592 4
7596 8
7602 6
7614 7
7616 3
7644 5
7651 7
7694 0
7723 0
7731 2
7736 7
7758 5
7761 6
7775 4
7789 2
7810 4
7811 3
7812 7
7816 9
7833 0
7842 6
7850 7
7871 4
7875 2
7924 9
7927 5
7941 4
7956 2
7970 9
7978 5
7998 7
8013 3
8019 6
8027 9
8031 3
8042 1
8128 9
8139 7
8140 5
8149 2
8166 2
8169 2
8171 0
8185 0
8218 9
8222 8
8224 5
8226 6
8232 9
8244 6
8254 5
8294 4
8295 2
8330 4
8337 5
8355 0
8368 6
8372 9
8391 6
8396 1
8397 8
8409 0
8432 5
8447 1
8466 0
8475 9
8483 1
8487 5
8495 5
8515 3
8518 5
8541 8
8545 5
8554 5
8570 9
8574 7
8591 0
8592 6
