10
24 0
57 2
59 4
61 6
71 0
76 0
83 4
84 1
107 9
113 7
125 3
150 2
156 0
159 5
171 7
179 2
195 5
197 0
205 3
209 0
211 8
231 7
233 2
240 3
242 1
252 7
282 2
286 9
291 5
308 7
311 9
324 6
325 4
341 9
352 4
354 1
360 7
363 1
370 6
371 4
381 2
387 9
390 9
392 7
406 3
422 1
428 4
447 2
448 7
450 5
456 1
466 4
475 7
488 1
502 6
505 2
520 4
525 7
532 0
558 9
566 9
576 7
581 1
600 9
613 2
616 3
627 2
637 8
642 3
653 1
661 8
666 8
671 8
672 7
674 2
676 2
681 5
715 6
746 8
752 8
769 5
773 4
778 7
783 4
790 1
823 7
831 9
833 1
837 9
842 3
846 8
851 9
860 7
873 1
895 9
898 5
912 2
921 5
926 1
930 5
962 4
975 6
991 6
992 2
1003 9
1005 2
1006 6
1011 7
1017 4
1019 8
1022 8
1043 4
1056 4
1060 8
1077 8
1085 3
1097 3
1101 5
1106 0
1121 5
1123 0
1128 7
1134 2
1137 6
1143 1
1148 8
1169 1
1196 7
1206 4
1221 3
1264 7
1278 6
1284 9
1290 2
1293 1
1300 5
1306 3
1313 6
1318 9
1330 1
1334 1
1336 5
1337 9
1358 4
1385 8
1395 2
1417 2
1420 1
1427 1
1439 8
1462 1
1489 2
1514 6
1534 7
1537 4
1545 6
1569 3
1577 7
1660 5
1671 2
1679 3
1685 8
1694 9
1697 8
1707 7
1717 5
1725 3
1736 2
1738 7
1743 9
1751 1
1758 7
1765 4
1769 2
1834 1
1840 0
1844 6
1866 9
1868 4
1871 0
1873 8
1902 7
1917 1
1938 7
1940 1
1973 8
1974 1
1983 9
1995 4
2002 5
2007 9
2011 6
2020 4
2030 3
2032 5
2033 2
2038 0
2044 9
2057 1
2058 6
2059 8
2098 9
2104 5
2122 7
2132 4
2142 5
2147 8
2151 8
2162 9
2166 7
2180 6
2188 9
2197 2
2201 7
2212 1
2233 3
2247 5
2251 1
2253 2
2256 8
2268 3
2295 1
2298 3
2310 5
2318 1
2326 8
2328 2
2359 1
2362 9
2367 5
2374 8
2378 7
2385 5
2386 3
2389 7
2409 5
2411 6
2413 6
2422 7
2429 0
2432 3
2451 3
2463 5
2465 8
2476 8
2482 6
2492 3
2497 0
2507 7
2510 7
2531 2
2538 6
2566 2
2608 9
2614 2
2616 5
2620 0
2622 8
2624 3
2644 7
2652 8
2664 9
2679 5
2682 0
2684 3
2705 7
2706 6
2718 6
2732 9
2737 7
2747 6
2749 7
2770 8
2778 3
2815 8
2837 6
2855 8
2858 4
2870 3
2872 1
2884 3
2891 0
2910 1
2939 0
2941 0
2949 8
2950 1
2957 6
2971 7
3007 1
3010 9
3033 7
3035 1
3051 9
3053 7
3072 7
3080 1
3126 3
3127 1
3144 9
3149 3
3156 9
3163 7
3183 6
3208 5
3233 3
3234 6
3255 1
3265 5
3297 7
3300 1
3304 4
3308 6
3316 2
3317 3
3331 3
3343 7
3344 0
3351 7
3401 2
3404 6
3422 4
3428 6
3430 2
3435 2
3440 2
3449 9
3478 3
3484 8
3489 4
3496 0
3497 0
3504 8
3505 3
3511 0
3521 5
3530 8
3532 7
3551 8
3562 9
3566 2
3570 7
3575 9
3578 2
3593 8
3604 6
3615 3
3617 7
3637 3
3640 0
3658 0
3663 8
3669 5
3677 8
3692 7
3703 3
3716 7
3737 4
3744 0
3749 5
3752 8
3766 1
3776 6
3802 3
3805 1
3810 2
3818 8
3834 4
3835 0
3846 8
3852 2
3861 1
3866 6
3871 4
3875 5
3882 8
3894 0
3896 4
