10
3 9
5 1
6 5
36 3
48 3
54 9
58 6
69 0
78 4
81 3
97 4
101 0
116 0
126 8
134 3
144 6
146 4
150 9
154 1
176 6
182 3
196 5
231 8
243 3
255 0
281 8
287 5
320 7
355 8
364 9
383 6
388 6
401 4
421 1
454 0
478 0
481 5
510 7
512 5
519 2
527 5
538 0
551 0
587 2
591 6
601 7
606 1
629 3
630 3
632 7
635 1
646 9
654 3
655 9
660 2
677 9
692 4
727 9
734 2
738 4
740 3
744 0
746 0
749 4
762 5
763 5
794 2
795 0
807 8
836 7
844 2
847 7
850 4
859 5
863 9
865 2
875 5
887 4
891 6
899 1
917 0
918 5
927 1
928 7
936 8
943 4
1002 8
1006 7
1010 1
1013 9
1014 4
1031 4
1057 2
1061 9
1071 7
1077 7
1082 6
1107 6
1111 5
1112 4
1115 8
1123 3
1126 0
1160 1
1171 0
1197 2
1198 2
1204 0
1208 7
1220 8
1223 6
1261 4
1275 7
1282 6
1283 3
1285 6
1303 6
1308 4
1309 8
1312 6
1319 2
1320 2
1339 4
1347 5
1351 6
1355 8
1363 0
1382 1
1395 3
1442 6
1485 5
1486 3
1493 6
1501 7
1504 5
1522 8
1527 5
1533 3
1540 4
1543 1
1551 4
1556 5
1559 8
1566 3
1591 4
1600 6
1604 1
1634 8
1638 6
1648 2
1659 0
1670 7
1671 3
1676 9
1677 2
1685 0
1699 8
1718 5
1719 8
1754 9
1811 4
1817 6
1829 0
1846 1
1853 2
1855 2
1856 9
1857 1
1861 2
1862 3
1895 3
1896 9
1900 0
1939 3
1953 5
1956 3
1985 0
2001 2
2011 9
2015 0
2026 7
2027 2
2033 6
2037 8
2051 4
2053 2
2059 2
2062 4
2078 0
2085 7
2086 6
2105 9
2109 1
2115 6
2131 2
2140 2
2141 7
2143 9
2149 7
2152 4
2161 3
2171 1
2172 0
2190 3
2193 7
2209 6
2217 7
2229 1
2241 2
2243 4
2260 6
2277 4
2303 2
2309 7
2311 6
2316 2
2329 1
2333 5
2334 1
2348 4
2391 1
2399 6
2421 5
2444 1
2446 6
2458 6
2469 9
2471 1
2487 1
2494 8
2503 6
2510 1
2526 0
2530 0
2532 5
2541 8
2553 5
2554 6
2564 1
2593 7
2608 9
2610 4
2612 8
2613 2
2627 0
2635 3
2647 5
2652 3
2655 5
2656 3
2673 6
2683 4
2688 4
2699 4
2704 5
2707 6
2710 9
2711 1
2716 9
2722 2
2727 3
2737 6
2740 0
2741 6
2742 0
2755 9
2760 2
2763 3
2766 4
2770 3
2777 3
2786 6
2789 8
2802 6
2806 7
2809 5
2810 9
2824 4
2825 4
2849 1
2862 2
2882 9
2898 9
2904 9
2907 4
2913 7
2918 9
2938 5
2955 4
2971 4
2987 5
2998 5
3011 8
3014 7
3015 3
3092 2
3096 0
3098 3
3100 4
3105 9
3112 3
3120 3
3122 2
3144 5
3153 8
3163 3
3171 2
3172 7
3177 9
3188 9
3194 1
3200 9
3233 2
3235 3
3241 7
3269 8
3271 1
3277 6
3278 8
3296 3
3301 9
3311 9
3336 1
3349 4
3357 4
3360 4
3364 5
3371 8
3378 9
3379 2
3383 3
3387 6
3410 6
3413 4
3424 9
3440 8
3442 8
3444 1
3449 3
3459 3
3461 9
3464 7
3475 9
3482 8
3483 8
3484 6
3492 9
3495 1
3498 4
3499 9
3501 9
3509 2
3534 2
3542 6
3546 0
3549 5
3558 6
3572 9
3573 3
3607 0
3608 8
3610 8
3616 1
3629 2
3638 6
3640 2
3649 1
3653 4
3670 3
3703 6
3729 3
3743 1
3770 9
3788 5
3804 2
3810 4
3829 8
3836 2
3837 5
3856 0
3874 1
3882 7
3891 1
3905 9
3911 8
3932 9
3946 2
3963 7
3968 4
3990 8
4011 8
4031 7
4045 2
4077 7
4083 3
4088 3
4105 3
4115 2
4117 3
4141 9
4146 2
4180 2
4183 1
4189 7
4197 5
4199 7
4218 9
4219 2
4223 5
4255 4
4258 4
4268 4
4272 0
4282 0
