10
16 6
33 6
35 0
40 2
49 5
53 1
59 4
60 9
65 4
78 2
82 7
84 7
89 2
96 2
102 2
106 5
113 5
116 3
127 5
128 8
134 9
163 4
166 4
216 3
217 1
246 2
248 4
253 5
255 8
262 7
272 6
287 1
301 6
328 3
356 6
358 9
360 8
361 2
370 6
378 6
379 2
388 3
413 4
425 6
435 9
441 5
448 1
463 1
469 9
473 1
474 7
478 5
493 5
501 2
502 0
505 2
514 2
526 4
531 5
533 4
536 9
542 1
570 8
573 8
582 4
591 3
601 6
623 2
625 7
629 6
635 4
640 5
648 5
649 8
678 4
689 5
697 3
704 7
709 3
731 8
732 8
738 4
744 6
747 4
757 7
764 7
768 5
769 2
790 5
807 3
834 7
858 6
880 2
881 6
898 8
899 2
911 1
923 7
933 3
940 8
942 3
943 5
946 8
948 5
976 3
993 5
1001 1
1013 1
1045 9
1052 1
1055 4
1060 5
1061 0
1065 4
1072 0
1074 8
1091 5
1103 1
1106 6
1114 4
1118 7
1120 4
1135 5
1138 3
1141 4
1167 5
1170 1
1225 4
1228 8
1234 6
1236 9
1254 9
1262 2
1265 0
1275 1
1278 0
1281 7
1293 8
1306 4
1309 3
1330 9
1344 1
1363 4
1368 2
1372 3
1373 2
1378 8
1382 8
1397 0
1415 6
1420 3
1433 7
1435 8
1436 3
1453 4
1456 8
1474 7
1487 1
1490 6
1493 9
1506 0
1507 1
1517 5
1519 1
1528 1
1532 9
1545 6
1546 2
1553 3
1561 9
1565 3
1569 3
1571 7
1575 6
1577 3
1586 8
1593 5
1600 3
1610 4
1613 6
1620 5
1628 3
1629 8
1665 9
1668 4
1675 0
1680 0
1687 7
1698 3
1710 0
1713 4
1725 3
1726 4
1730 1
1735 4
1742 4
1746 5
1786 4
1795 0
1799 9
1800 0
1801 4
1810 9
1813 4
1821 5
1845 5
1876 9
1887 7
1900 5
1906 2
1925 4
1927 6
1936 5
1956 3
1959 7
1997 0
2002 0
2008 7
2028 5
2030 3
2033 4
2072 8
2082 6
2084 7
2146 8
2174 7
2186 7
2198 6
2203 8
2208 5
2215 1
2251 7
2260 0
2285 5
2305 6
2312 5
2316 2
2321 7
2342 5
2359 6
2367 7
2384 6
2419 4
2420 3
2423 7
2434 8
2458 9
2480 7
2506 6
2514 3
2545 1
2572 4
2576 4
2596 5
2602 6
2610 2
2623 3
2665 6
2691 7
2708 1
2709 7
2713 0
2714 5
2728 3
2741 5
2743 9
2760 5
2793 1
2796 7
2798 0
2802 3
2805 3
2810 9
2829 9
2841 8
2846 5
2850 5
2859 3
2862 4
2864 7
2866 8
2885 7
2907 6
2912 9
2914 1
2921 1
2926 9
2945 6
2952 7
2958 8
2973 1
2993 0
2994 8
3007 2
3012 4
3013 9
3021 0
3056 3
3058 9
3072 0
3093 7
3099 4
3100 5
3107 7
3116 5
3153 8
3155 3
3158 6
3163 6
3169 4
3185 8
3187 8
3190 2
3192 7
3202 4
3217 8
3220 8
3225 5
3231 7
3236 1
3238 8
3249 2
3258 3
3274 0
3308 3
3346 1
3381 4
3417 6
3419 3
3423 5
3430 7
3431 8
3435 3
3443 6
3445 6
3447 7
3459 2
3461 1
3464 4
3467 8
3498 0
3505 5
3511 3
3528 3
3546 4
3548 6
3558 3
3560 0
3597 4
3624 8
3639 9
3642 1
3644 1
3650 6
3658 2
3671 6
3676 9
3679 1
3686 5
3707 8
3710 9
3711 8
3712 9
3713 7
3715 6
3725 1
3733 9
3736 2
3744 3
3746 9
3763 9
3764 1
3775 4
3782 8
3799 0
3821 0
3849 7
3863 9
3882 9
3884 9
3894 2
3913 3
3916 4
3937 6
3938 5
3968 7
3974 1
3980 8
3985 0
4012 3
4023 1
4029 5
4031 4
4037 2
4042 0
4044 5
4054 7
4056 6
4059 3
4061 7
4070 2
4072 9
4082 3
4085 1
4089 3
4097 6
4113 2
4126 3
4150 8
4156 2
4191 2
4197 7
4200 0
4207 1
4212 0
4218 7
4233 5
4242 7
4255 3
4295 4
4304 4
4310 7
4332 8
4353 7
4370 7
4373 7
4386 3
4387 1
4408 6
4410 3
4413 0
4428 3
4435 7
4437 5
4442 2
4447 7
4484 2
4494 2
4502 5
4525 3
4578 3
4586 1
4592 8
4597 9
4599 9
4605 5
4613 8
4626 1
4633 9
4642 9
4671 9
4675 4
4692 3
4702 2
4703 3
4716 5
4720 0
4754 0
4772 7
4773 8
4780 5
4792 1
4793 9
4814 1
4815 0
4819 8
4823 7
4843 4
4844 3
4852 9
4866 2
4869 9
4921 6
4937 2
4959 7
4964 4
4969 6
4978 2
5004 6
5025 7
5026 8
5033 9
5046 9
5056 7
5074 4
5076 8
5085 7
5093 5
5125 3
5128 1
5129 7
5137 4
5138 4
5149 8
5157 9
5171 3
5172 5
5175 6
5197 7
5198 7
5209 7
5274 9
5281 4
5299 2
