10
22 8
30 7
35 0
42 3
56 0
62 0
73 8
85 2
92 4
113 1
114 9
115 8
122 0
124 3
126 0
132 1
149 2
153 7
193 2
205 1
218 8
221 9
231 1
235 1
246 7
256 6
264 5
265 6
266 1
269 0
270 2
294 4
313 9
321 5
324 7
342 5
352 7
374 2
400 2
413 5
423 0
435 6
445 1
446 9
447 4
455 6
456 4
469 0
479 7
504 9
506 7
526 7
528 0
534 5
542 5
547 2
550 2
555 4
595 1
608 1
614 4
616 2
622 2
642 6
648 8
656 7
667 0
674 8
680 3
693 5
695 5
708 7
718 5
719 3
729 4
731 9
737 1
740 4
754 4
779 9
783 3
788 7
790 7
808 4
812 1
826 6
827 6
828 4
832 4
837 4
840 7
929 4
936 7
938 9
948 4
953 0
959 9
970 8
989 7
992 3
998 6
1010 4
1024 8
1032 2
1054 6
1065 4
1082 3
1089 8
1097 1
1102 3
1130 0
1134 7
1144 3
1173 3
1177 0
1179 9
1185 4
1193 0
1226 9
1251 5
1258 8
1268 4
1280 5
1312 5
1314 4
1317 3
1331 7
1346 0
1356 3
1374 7
1384 8
1400 8
1403 2
1410 1
1427 5
1434 4
1438 0
1442 1
1449 8
1452 4
1455 8
1459 2
1460 5
1470 7
1490 6
1499 4
1503 3
1507 4
1515 9
1518 2
1519 8
1533 2
1544 0
1547 6
1559 0
1600 9
1630 4
1633 8
1638 4
1643 2
1644 2
1660 4
1677 9
1688 7
1703 5
1717 5
1773 9
1777 6
1785 8
1791 9
1812 7
1826 1
1841 6
1863 7
1865 5
1872 7
1874 2
1893 7
1915 0
1927 4
1944 0
1953 0
1965 5
1979 3
1990 6
2001 3
2007 7
2030 2
2038 4
2050 1
2070 7
2071 1
2077 9
2081 1
2082 3
2084 6
2089 5
2101 9
2104 7
2115 6
2132 9
2138 1
2142 2
2149 2
2152 9
2154 3
2171 1
2177 9
2181 6
2195 2
2197 6
