10
4 1
30 4
32 4
38 7
42 5
46 7
52 5
55 2
72 3
79 4
97 0
101 0
107 8
108 7
109 9
115 7
116 9
136 4
156 5
160 1
176 5
182 7
199 7
204 5
205 4
206 1
211 8
218 6
219 5
225 0
236 5
247 9
256 5
260 5
298 8
300 6
304 9
307 3
319 9
328 5
335 1
336 3
340 5
348 0
362 1
375 6
382 5
386 1
393 8
397 7
418 0
427 7
438 5
441 3
447 6
462 9
473 6
486 1
515 5
521 5
524 1
536 1
538 5
566 8
599 7
609 0
614 3
633 7
643 5
645 0
647 7
650 3
707 1
716 6
730 7
746 7
749 2
772 3
786 5
789 5
797 0
798 7
811 9
814 2
854 8
858 5
862 0
866 0
877 8
883 2
887 9
909 6
927 1
929 6
933 9
937 0
958 4
974 3
976 7
1006 6
1017 4
1018 8
1038 2
1048 6
1057 8
1060 0
1072 9
1082 1
1087 2
1110 5
1111 5
1130 0
1136 7
1139 0
1140 1
1146 7
1159 7
1161 3
1172 8
1174 4
1180 2
1189 1
1197 9
1199 7
1210 2
1213 0
1216 4
1229 8
1238 0
1244 0
1247 8
1250 7
1276 3
1290 7
1302 2
1305 5
1325 6
1341 1
1375 1
1383 9
1391 3
1393 8
1403 7
1405 3
1454 7
1459 5
1474 6
1481 4
1490 5
1502 6
1503 2
1508 7
1514 6
1520 9
1527 6
1530 6
1543 9
1547 0
1555 9
1583 3
1587 4
1624 6
1625 9
1642 0
1650 6
1658 9
1659 7
1671 8
1679 5
1690 4
1704 7
1708 6
1719 8
1723 9
1762 4
1763 7
1773 7
1791 5
1803 0
1871 7
1884 9
1891 5
1892 6
1902 0
1903 2
1904 4
1909 7
1932 6
1933 7
1948 9
1976 0
2008 7
2028 4
2060 3
2068 0
2109 1
2110 2
2116 8
2122 8
2127 8
2132 4
2144 7
2159 1
2170 9
2171 9
2189 7
2209 1
2228 7
2235 9
2243 2
2245 4
2264 9
2311 8
2318 0
2328 2
2355 7
2356 5
2360 4
2367 6
2372 8
2410 0
2420 4
2422 2
2423 4
2425 5
2426 5
2433 3
2437 6
2438 9
2453 9
2464 6
2467 0
2486 1
2487 1
2499 3
2511 4
2518 7
2519 6
2585 4
2588 2
2626 0
2629 5
2638 7
2642 3
2651 9
2654 7
2708 0
2712 1
2740 4
2743 0
2771 3
2774 0
2778 2
2818 5
2830 3
2832 0
2839 3
2842 2
2864 5
2866 7
2884 5
2915 9
2925 3
2930 5
2933 1
2937 4
2950 1
2966 9
2989 4
3006 2
3008 3
3017 6
3021 8
3033 5
3036 0
3040 3
3043 8
3049 5
3051 6
3054 1
3056 1
3060 2
3067 5
3080 4
3083 8
3111 2
3114 0
3129 7
3138 1
3140 0
3151 1
3178 8
3193 5
3205 3
3206 1
3214 2
3221 1
3242 4
3245 7
3246 9
3255 4
3265 3
3269 3
3272 5
3300 5
3313 5
3320 9
3331 9
3342 2
3360 4
3367 4
3369 8
3372 1
3380 7
3386 0
3401 1
3417 0
3419 0
3451 9
3464 2
3478 7
3488 3
3502 6
3505 4
3509 0
3511 5
3512 5
3521 5
3525 4
3530 4
3531 7
3544 1
3553 1
3559 8
3565 3
3570 1
3572 4
3575 4
3590 5
3619 0
3629 7
3632 4
3654 3
3659 4
3672 2
3674 7
3704 8
3713 2
3718 4
3723 7
3733 7
3742 9
3768 6
3781 8
3783 0
3790 1
3791 2
3793 4
3824 6
3829 0
3834 8
3835 5
3838 0
3849 6
3879 2
3884 8
3892 1
3893 3
3904 8
3908 4
3920 2
3923 2
3924 7
3925 1
3930 7
3938 5
3945 1
3948 5
3958 5
3966 2
3970 8
3989 1
4005 0
4011 4
4018 4
4027 4
4032 8
4035 2
4036 5
4048 4
4050 1
4054 3
4055 3
4061 3
4067 4
4091 7
4110 6
4123 3
4125 6
4135 2
4142 5
4178 1
4187 4
4198 3
4205 1
4213 9
4229 5
4235 2
4236 4
4246 4
4251 1
4264 6
4272 2
4295 6
4296 2
4301 1
4310 2
4355 8
4360 8
4363 2
4364 6
4374 8
4377 1
4379 7
4382 7
4383 9
4386 9
4394 5
4408 3
4419 5
4430 6
4432 8
4437 6
4454 8
4469 4
4470 4
4475 7
4491 9
4494 8
4496 3
4509 6
4522 3
4527 3
4531 8
4535 0
4551 9
4555 8
4556 5
4559 1
4568 6
4572 5
4576 1
4584 0
4607 7
4627 8
4632 3
4644 5
4651 1
4652 2
4687 7
4689 0
4699 3
4706 5
4719 3
4739 0
4740 6
4771 8
4772 8
4792 3
4795 9
4799 8
4804 5
4808 8
4813 0
4818 1
4820 4
4850 3
4854 3
4863 6
4865 8
4876 0
4883 4
4889 5
4901 1
4903 5
4905 3
4909 0
4920 9
4928 1
4929 0
4930 3
4942 8
4957 5
4958 5
4979 1
4998 8
5003 6
5010 4
5045 5
5049 3
5078 9
5100 3
5102 8
5114 9
5121 6
5129 8
5135 3
5162 8
5175 3
5180 1
5221 9
5233 8
5243 3
5266 0
5278 4
5284 2
5286 4
5288 1
5302 3
5323 6
5324 3
5325 2
5326 8
5335 9
5338 4
5355 9
5357 6
5360 9
5364 3
5402 5
5426 6
5427 5
5436 3
5471 0
5478 6
5484 8
5494 9
5508 4
5527 1
5543 0
5546 3
5552 0
5554 8
5559 1
5562 0
5584 4
5589 2
5598 5
5604 5
5613 2
5649 3
5650 0
5657 4
5668 5
5684 8
5691 1
5701 6
5709 1
5739 2
5746 5
5764 6
5765 0
5787 4
5793 3
5797 1
5801 4
5820 2
5821 9
5829 6
5831 9
5833 4
5840 2
5865 4
5866 1
5878 3
5891 3
5894 1
5909 5
5912 6
5916 6
5939 4
5947 7
5952 8
5973 5
5992 2
5996 6
5999 2
6003 7
6004 1
6014 4
6015 5
6021 9
6024 8
6040 0
6052 8
6055 0
6104 6
6113 9
6115 7
6121 9
6128 0
6133 0
6147 4
6169 3
6215 2
6217 2
6225 5
6252 2
6259 5
6264 6
6299 9
6306 0
6308 7
6310 9
6318 9
6319 8
6327 3
6336 4
6337 4
6364 1
6369 3
6391 2
6398 5
6414 6
6421 9
6428 2
6441 8
6442 5
6451 2
6474 1
6486 2
6502 4
6516 5
6552 3
6557 3
6568 2
6569 9
6578 1
6590 1
6592 4
6607 6
6633 4
6645 6
6654 9
6660 0
6667 1
6695 1
6697 8
6721 4
6742 8
6748 5
6755 9
6758 7
6760 0
6762 5
6763 7
6781 0
6786 1
6789 8
6841 7
6853 0
6855 8
6859 7
6860 6
6867 3
6873 6
6886 4
6909 0
6911 0
6936 5
6940 6
6941 3
6956 5
6960 0
6966 4
6971 5
6972 9
6982 4
7034 7
7035 2
7089 0
7125 2
7131 7
7144 0
7152 4
7155 9
7157 0
7165 5
7190 4
7220 6
7232 2
7252 5
7254 9
7286 4
7289 7
7295 3
