10
1 5
9 3
10 5
14 8
17 7
53 0
70 7
71 0
84 2
94 1
105 3
109 2
122 7
124 4
135 1
158 2
162 0
166 3
177 6
202 5
210 7
216 5
226 4
230 0
232 7
235 8
236 0
240 6
249 0
265 7
274 5
277 7
287 1
291 8
295 9
308 5
319 6
335 8
344 6
345 2
347 2
348 5
349 5
351 5
387 1
422 6
451 9
455 8
469 5
481 3
483 2
493 7
509 4
516 1
520 8
533 5
534 8
538 0
561 8
572 8
574 0
585 6
588 5
590 0
597 1
599 3
601 1
618 0
633 7
638 3
641 1
649 7
652 7
655 6
675 8
688 4
700 7
705 7
711 3
712 6
732 9
738 1
744 8
774 2
778 1
784 9
813 7
819 1
822 4
824 1
843 8
860 9
861 8
864 1
869 3
897 8
910 0
916 6
943 9
963 9
964 4
965 8
981 6
988 8
991 3
995 3
997 3
1015 1
1027 7
1033 8
1046 5
1050 4
1072 3
1075 5
1092 1
1093 6
1111 9
1150 8
1154 1
1157 2
1179 9
1182 7
1184 9
1195 4
1204 6
1229 8
1244 7
1276 0
1306 4
1310 1
1326 0
1350 8
1354 3
1356 8
1367 6
1381 2
1390 9
1415 9
1416 6
1434 4
1445 4
1448 6
1449 1
1466 1
1478 4
1511 4
1518 9
1534 5
1558 0
1559 1
1578 6
1617 3
1619 5
1626 0
1628 7
1631 9
1633 0
1642 3
1662 0
1682 8
1688 0
1695 6
1698 2
1701 2
1743 2
1751 0
1756 6
1783 7
1802 5
1803 0
1805 6
1851 5
1862 7
1869 0
1879 6
1881 1
1902 6
1920 2
1945 0
1950 2
1957 8
1962 3
1964 5
1965 7
1966 2
1990 8
1994 9
2026 4
2034 1
2036 2
2052 3
2053 0
2055 7
2081 0
2109 3
2113 4
2114 4
2119 9
2123 0
2141 5
2152 5
2155 4
2158 3
2165 0
2170 4
2185 4
2192 9
2209 2
2220 0
2221 1
2223 6
2224 7
2226 9
2281 6
2286 9
2288 4
2291 8
2299 7
2308 9
2320 6
2342 7
2354 6
2356 4
2363 2
2365 8
2379 0
2392 6
2403 9
2426 7
2432 8
2433 3
2442 6
2451 5
2471 6
2479 5
2483 8
2491 9
2494 3
2495 7
2499 6
2504 2
2513 7
2541 1
2547 4
2548 1
2567 5
2569 2
2578 6
2581 9
2587 1
2612 3
2614 1
2631 3
2636 0
2666 6
2667 5
2688 1
2695 9
2715 4
2716 2
2736 8
2737 6
2772 4
2779 1
2785 5
2790 2
2802 9
2805 6
2822 5
2823 3
2834 8
2838 0
2843 3
2846 4
2851 7
2856 2
2897 8
2924 0
2928 9
2934 5
2940 9
2965 2
2966 8
2973 4
2977 2
2986 2
3001 4
3023 1
3035 9
3043 8
3046 2
3050 3
3057 7
3062 9
3066 2
3093 7
3114 2
3124 9
3132 2
3171 8
3189 5
3192 4
3193 0
3216 9
3229 6
3234 6
3247 0
3252 6
3254 9
3280 4
3298 0
3318 0
3325 9
3328 8
3331 9
3346 0
3356 9
3408 3
3413 5
3414 5
3424 8
3433 0
3447 1
3470 1
3477 2
3489 6
3490 8
3498 2
3504 0
3512 1
3513 5
3533 5
3541 8
3542 2
3548 6
3549 8
3553 0
3558 9
3560 4
3588 7
3590 6
3594 8
3604 1
3609 5
3610 1
3635 1
3643 7
3658 4
3684 2
3728 0
3732 7
3740 8
3757 6
3760 7
3773 2
3779 2
3788 4
3796 0
3799 4
3821 9
3842 4
3845 1
3848 5
3869 7
3874 0
3876 2
3894 2
3913 9
3926 5
3932 5
3951 8
3962 4
3987 2
3988 9
3998 0
4011 1
4015 2
4018 1
4019 3
4041 0
4047 0
4064 9
4072 3
4074 5
4075 9
4081 1
4082 8
4100 8
4102 2
4113 1
4119 6
4130 5
4137 0
4164 1
4169 1
4173 3
4182 0
4187 5
4188 4
4204 9
4213 0
4214 7
4225 5
4249 8
4257 0
4258 3
4269 8
4275 0
4279 9
4280 5
4293 5
4295 7
4302 2
4306 8
4313 2
4338 7
4343 8
4354 9
4386 4
4394 4
4400 1
4413 5
4430 6
4444 1
4445 8
4482 2
4490 4
4512 8
4529 9
4533 4
4534 2
4535 3
4539 6
4541 2
4549 1
4554 6
4576 8
4585 4
4591 6
4617 1
4618 4
4626 4
4661 2
4662 5
4666 2
4671 3
4690 2
4702 4
4721 5
4733 7
4735 5
4742 3
4748 6
4767 2
4771 1
4798 9
4800 6
4805 4
4822 3
4851 3
4853 1
4870 8
4874 9
4891 0
4897 9
4901 9
4904 0
4920 8
4921 3
4938 7
4947 6
4952 5
4971 1
4979 3
4983 2
5009 6
5018 7
5033 7
5049 1
5057 3
5074 6
5093 4
5108 9
5115 0
5118 5
5123 6
5151 4
5154 4
5165 5
5167 4
5188 3
5197 4
5198 4
5207 1
5208 1
5215 5
5225 7
5237 7
5261 3
5281 3
5300 8
5312 6
5315 8
5321 8
5327 0
5330 1
5334 2
5338 1
5341 4
5358 0
5364 5
5372 1
5385 2
5403 9
5411 4
5420 1
5424 5
5425 6
5428 1
5453 9
5457 8
5458 3
5475 2
5493 6
5497 1
5502 6
5505 3
5512 7
5513 0
5516 3
5526 1
5529 9
5532 1
5541 1
5545 3
5561 3
5569 7
5574 8
5576 8
5590 9
5593 3
5604 5
5607 9
5616 0
5627 0
5630 1
5631 5
5657 5
5671 3
5672 3
5676 7
5680 3
5681 1
5705 5
5712 0
5713 3
5721 8
5722 9
5725 1
5748 4
5754 3
5756 9
5774 9
5778 3
5779 5
5780 8
5783 8
5815 6
5817 7
5821 8
5826 9
5829 5
5836 4
5843 2
5848 6
5852 0
5881 8
5889 4
5898 7
5905 5
5906 0
5919 3
5931 0
5947 4
5958 7
5977 6
5991 9
5996 8
6003 1
6017 1
6019 9
6021 1
6030 7
6036 9
6048 4
6079 6
6080 3
6087 7
6088 2
6090 6
6096 7
6099 5
6100 0
6112 2
6117 3
6133 1
6137 4
6158 5
6167 0
6169 5
6189 3
6208 8
6209 1
6221 5
6249 8
6275 8
6283 0
6296 9
6302 9
6310 0
6312 8
6327 8
6329 9
6344 8
6348 0
6353 8
6367 2
6370 0
6386 1
6387 8
6394 5
6447 4
6460 8
6461 4
6473 8
6475 3
6480 4
6501 1
6517 3
6526 0
6533 4
6548 1
6549 1
6558 2
6572 1
6579 2
6587 6
6589 8
6603 5
6605 8
6612 2
6613 5
6623 6
6635 8
6636 5
6639 5
6656 3
6657 1
6682 3
6685 9
6713 1
6729 9
6735 7
6751 3
6766 0
6796 9
6801 2
6812 8
6835 9
6844 5
6857 5
6865 1
6874 6
6915 4
6918 2
6942 3
6948 4
6950 8
6967 8
6983 0
6999 1
7000 8
7004 0
7007 5
7021 6
7037 4
7040 6
7042 5
7059 4
7074 7
7104 1
7121 3
7126 8
7148 7
7159 1
7160 9
7163 4
7169 4
7170 0
7199 1
7222 3
7231 4
7245 6
7255 0
7262 5
7265 6
7270 5
7273 8
7276 2
7278 8
7280 3
7281 8
7314 9
7323 4
7342 0
7382 6
7391 1
7400 1
7401 6
7420 1
7426 8
7433 0
7438 6
7452 1
7457 6
7493 3
7508 4
7556 6
7572 6
7574 8
7576 0
7587 2
7596 7
7631 4
7649 0
7666 4
7670 8
7676 2
7681 3
7684 9
7689 8
7692 8
7696 1
7709 2
7718 6
7721 2
7727 6
7736 4
7747 0
7752 8
7759 8
7770 3
7783 2
7798 6
7810 6
7815 9
7828 2
7831 1
7836 5
7891 9
7892 7
