10
1 9
4 8
36 0
44 1
50 7
52 2
61 6
71 7
73 3
86 5
93 8
103 3
114 9
116 2
119 4
134 2
138 0
171 1
172 4
178 6
180 0
195 4
214 0
233 0
243 4
244 3
249 0
251 5
289 0
297 2
298 3
314 1
318 3
319 0
347 0
354 3
355 6
357 7
363 4
372 2
374 8
397 9
399 3
411 0
414 6
434 5
454 3
459 1
470 5
476 2
481 8
491 4
494 0
496 3
503 3
524 5
555 1
556 6
569 8
573 7
584 7
592 4
593 4
603 7
622 5
635 1
645 6
657 3
676 6
711 4
719 6
723 8
740 4
745 5
752 2
754 0
765 4
783 3
791 1
813 5
819 7
830 7
833 8
837 1
842 0
847 4
851 7
908 9
926 9
929 4
931 5
933 4
949 1
950 5
952 3
964 8
990 8
991 7
1001 0
1006 4
1009 0
1014 3
1020 6
1022 6
1025 2
1028 8
1037 0
1038 7
1040 1
1048 2
1051 2
1064 0
1083 2
1087 3
1104 8
1133 8
1135 1
1148 6
1149 3
1153 7
1169 6
1173 8
1178 8
1184 4
1203 6
1207 4
1214 4
1224 0
1230 7
1233 3
1258 8
1262 6
1263 4
1280 2
1286 2
1292 0
1297 7
1299 3
1302 2
1317 9
1322 0
1323 3
1340 8
1346 7
1397 2
1398 9
1431 4
1450 0
1451 8
1458 4
1465 3
1467 8
1474 7
1486 4
1508 5
1516 1
1520 9
1565 8
1590 1
1594 7
1596 7
1603 4
1634 3
1648 0
1655 7
1657 5
1658 8
1672 7
1692 0
1704 9
1732 3
1762 4
1769 7
1776 8
1780 5
1785 7
1788 9
1802 4
1807 5
1813 5
1819 5
1823 2
1831 7
1840 8
1859 5
1877 7
1878 7
1891 6
1894 3
1928 3
1944 0
1951 0
1962 4
2000 7
2014 7
2028 1
2056 6
2076 9
2083 2
2085 9
2097 5
2103 4
2114 2
2117 3
2129 1
2134 9
2162 4
2165 1
2177 5
2200 6
2201 8
2215 3
2221 9
2223 9
2226 6
2234 5
2237 0
2238 7
2264 9
2265 7
2277 9
2278 2
2280 0
2325 8
2336 7
2340 8
2343 7
2384 5
2394 9
2406 2
2410 8
2414 1
2422 3
2427 1
2436 1
2469 5
2474 9
2481 5
2499 0
2503 9
2509 5
2533 0
2536 4
2576 3
2587 2
2598 0
2603 5
2608 7
2620 4
2658 7
2674 3
2683 8
2696 9
2697 8
2700 2
2713 5
2718 4
2720 5
2736 7
2737 6
2740 8
2754 0
2766 2
2814 0
2829 9
2852 4
2853 6
2855 5
2864 1
2868 4
2874 6
2915 5
2945 8
2963 1
2970 0
2975 1
3001 7
3006 6
3012 7
3014 0
3018 4
3026 7
3029 8
3042 9
3047 0
3048 8
3062 7
3068 2
3092 5
