10
0 8
6 1
7 5
20 2
32 2
35 2
51 0
69 6
70 2
92 5
101 1
121 7
137 1
142 9
160 9
173 9
176 8
188 2
198 3
201 6
203 7
245 5
259 7
284 8
288 5
289 4
293 4
351 8
352 2
388 0
400 3
413 8
455 8
479 0
501 2
512 4
513 4
524 8
533 3
537 3
554 3
560 6
569 0
580 1
586 9
615 0
630 7
638 9
650 5
653 7
657 2
659 5
660 9
666 9
668 4
688 5
695 3
706 1
714 1
741 2
742 4
743 8
744 2
753 2
754 9
755 6
778 7
785 7
793 7
803 1
829 8
838 4
848 8
854 7
906 5
923 4
926 7
929 0
931 9
932 8
943 7
954 4
958 9
961 8
980 6
983 4
990 8
991 9
995 3
1007 6
1010 2
1020 0
1030 7
1035 5
1044 6
1045 3
1050 0
1089 0
1097 2
1103 0
1104 3
1110 2
1127 5
1140 4
1141 1
1159 9
1184 8
1187 9
1188 6
1208 3
1211 1
1223 7
1235 9
1243 7
1244 1
1253 7
1260 8
1264 2
1273 1
1283 4
1289 9
1293 1
1300 0
1304 4
1306 6
1333 6
1350 0
1358 3
1361 1
1365 2
1377 4
1392 7
1393 6
1410 7
1419 8
1423 7
1427 6
1428 7
1447 7
1462 2
1463 5
1503 8
1504 6
1515 0
1524 5
1545 9
1551 7
1552 0
1565 9
1586 5
1591 5
1609 1
1625 8
1626 2
1665 3
1676 5
1679 3
1681 1
1685 1
1688 0
1690 2
1693 2
1710 8
1713 1
1725 7
1755 2
1759 1
1763 5
1771 6
1783 9
1794 2
1801 8
1802 2
1803 3
1812 4
1824 5
1828 7
1833 4
1842 5
1849 0
1861 4
1883 6
1884 9
1907 6
1927 7
1949 4
1955 4
1967 2
1969 1
1970 7
1975 4
1982 1
1984 8
1987 0
1993 3
2000 4
2007 9
2010 5
2026 7
2029 9
2032 5
2061 1
2077 6
2084 7
2091 1
2109 6
2111 1
2127 7
2135 5
2136 5
2172 7
2188 3
2192 7
2198 2
2210 1
2220 2
2221 2
2222 5
2237 4
2243 9
2253 6
2260 6
2276 4
2279 2
2283 0
2296 6
2323 4
2332 8
2334 5
2349 7
2352 3
2356 1
2364 1
2372 5
2380 0
2402 4
2410 8
2419 1
2444 0
2448 6
2464 5
2465 7
2466 6
2471 6
2478 9
2480 1
2501 3
2505 0
2510 7
2532 7
2552 6
2558 6
2567 9
2581 9
2593 3
2597 9
2609 0
2636 7
2643 0
2644 7
2653 2
2659 6
2672 6
2678 8
2696 2
2703 3
2718 6
2719 8
2720 0
2734 0
2747 1
2748 4
2753 3
2768 3
2782 5
2790 1
2797 0
2813 9
2821 2
2822 1
2838 7
2840 6
2850 2
2858 3
2877 2
2880 6
2882 3
2890 3
2895 5
2902 1
2941 4
2949 3
2958 4
2967 9
2968 2
2974 0
2981 5
2991 7
2992 0
3006 7
3016 2
3023 0
3034 0
3047 3
3051 9
3059 8
3070 8
3074 5
3087 6
3107 0
3114 0
3126 3
3129 5
3157 2
3162 3
3183 2
3190 8
3231 4
3253 1
3266 2
3271 1
3276 6
3278 6
3293 8
3302 7
3317 1
3320 2
3322 1
3328 0
3336 3
3340 0
3344 8
3355 4
3371 6
3395 1
3399 4
3407 5
3412 8
3429 7
3439 0
3455 2
3471 5
3478 9
3501 8
3509 9
3528 6
3533 4
3542 3
3562 2
3604 6
3615 9
3618 7
3632 3
3649 2
3668 2
3669 9
3700 3
3708 3
3718 7
3738 1
3742 2
3745 3
3748 7
3750 9
3756 2
3757 5
3784 2
3790 1
3795 3
3806 3
3815 5
3852 4
3854 0
3876 3
3891 3
3894 5
3898 5
3901 9
3902 8
3910 1
3921 0
3944 4
3947 6
3949 5
3974 6
3987 6
4014 4
4048 9
4050 5
4057 5
4069 3
4087 8
4105 0
4110 6
4117 7
4121 2
4122 3
4124 8
4127 8
4129 9
4140 5
4146 2
4155 6
4156 5
4159 1
4166 3
4171 3
4174 5
4178 6
4179 9
4188 4
4192 4
4195 9
4197 3
4218 3
4228 0
4231 8
4232 0
4251 6
4252 2
4264 8
4271 0
4276 4
4288 3
4293 2
4311 1
4326 3
4329 2
4331 9
4342 2
4356 7
4358 1
4368 6
4376 1
4391 5
4401 5
4433 5
4434 7
4439 1
4447 9
4456 5
4467 4
4470 2
4484 6
4485 5
4486 3
4487 4
4492 4
4540 2
4558 1
4562 0
4575 7
4590 7
4591 5
4618 6
4620 6
4623 3
4702 2
4744 0
4754 7
4758 0
4761 1
4772 7
4806 6
4815 5
4826 8
4845 2
4850 2
4851 2
4858 8
4862 1
4884 6
4888 6
4904 0
4905 8
4915 4
4931 8
4933 0
4936 5
4937 7
4941 8
4945 7
4964 0
5009 5
5027 9
5035 3
5053 6
5055 2
5059 1
5061 2
5064 7
5083 2
5088 3
5096 0
5110 3
5111 9
5130 8
5137 0
5202 3
5203 2
5218 4
5222 1
5251 9
5256 7
5264 3
5271 7
5291 1
5294 4
5301 8
5315 9
5318 7
5360 7
5364 7
5366 1
5370 8
