10
11 2
33 5
41 2
54 8
67 5
81 7
87 0
95 9
99 8
111 1
115 2
122 9
123 7
167 0
172 7
179 2
183 8
198 0
221 5
222 0
245 4
267 3
280 2
304 4
312 2
316 0
323 9
332 1
335 7
336 0
338 4
352 1
355 5
368 6
369 1
372 8
375 3
381 9
387 1
395 0
398 0
403 9
414 0
435 1
436 1
448 9
451 3
455 7
467 0
471 1
472 3
473 6
474 5
479 5
484 9
488 7
490 1
502 1
520 8
530 3
616 0
624 6
626 1
632 6
638 0
658 1
663 5
674 5
680 5
722 2
733 7
741 3
751 4
755 6
762 8
775 6
778 3
784 6
825 1
830 2
832 6
849 2
854 4
859 9
868 3
872 1
873 8
890 1
893 3
901 9
906 9
907 5
909 5
920 3
927 2
932 1
956 0
961 1
966 2
976 1
1021 2
1033 9
1052 2
1065 5
1075 9
1083 2
1099 4
1100 0
1104 7
1115 6
1119 1
1138 5
1156 1
1158 9
1194 8
1204 9
1214 6
1232 3
1258 4
1263 6
1269 9
1273 6
1292 1
1307 7
1313 8
1321 8
1344 5
1348 2
1359 3
1365 3
1368 3
1369 8
