10
1 8
30 4
33 9
49 1
51 7
56 4
60 5
61 9
69 0
98 3
99 6
102 4
110 1
111 1
125 4
133 8
141 9
152 3
165 0
179 4
187 2
200 8
202 1
203 1
207 5
231 6
244 2
255 9
289 5
292 1
299 4
305 6
313 3
330 4
335 2
337 3
362 9
371 2
383 7
395 4
401 8
404 3
407 0
412 3
413 2
420 0
425 9
460 3
462 0
465 3
467 1
475 3
479 1
485 0
506 4
524 0
534 5
538 9
539 2
541 8
546 1
554 7
559 2
585 3
586 1
606 1
613 2
614 6
627 3
633 1
654 5
656 9
663 8
675 1
684 7
690 7
692 6
709 9
717 8
730 8
737 4
753 9
757 1
789 8
797 3
801 1
803 1
823 8
833 6
838 8
841 1
842 2
849 1
853 7
949 8
952 1
958 0
962 7
967 9
974 9
984 4
987 3
1008 6
1103 8
1109 8
1113 8
1119 4
1125 7
1132 2
1149 5
1150 0
1163 6
1178 6
1182 5
1185 8
1211 5
1212 6
1227 3
1247 9
1254 5
1261 9
1266 5
1289 6
1309 4
1322 0
1334 5
1342 5
1343 9
1348 6
1350 6
1352 2
1363 1
1378 5
1387 6
1400 2
1411 4
1425 7
1430 9
1444 9
1447 0
1451 1
1476 7
1477 1
1500 8
1512 7
1527 5
1541 0
1574 8
1580 7
1587 6
1603 5
1612 1
1622 6
1628 8
1629 4
1631 3
1639 2
1641 3
1643 1
1645 0
1652 5
1660 7
1665 2
1673 9
1699 6
1709 3
1727 8
1747 0
1756 4
1762 1
1766 0
1774 4
1780 7
1788 9
1791 8
1792 8
1812 6
1819 9
1826 2
1829 1
1837 5
1843 3
1845 9
1866 8
1870 5
1879 4
1886 5
1916 0
1924 5
1946 0
1950 1
1952 6
1955 4
1963 6
1995 9
2002 5
2009 1
2026 1
2032 2
2045 6
2068 6
2074 6
2095 6
2104 3
2107 7
2110 0
2111 8
2113 5
2151 7
2152 1
2159 9
2178 9
2198 6
2200 3
2201 8
2202 8
2212 3
2213 6
2218 9
2243 3
2246 2
2247 9
2249 8
2254 1
2259 1
2265 4
2274 2
2275 5
2288 4
2295 7
2303 1
2312 7
2325 4
2330 1
2341 3
2354 2
2360 8
2364 1
2366 8
2379 5
2390 2
2418 9
2421 1
2431 9
2443 8
2448 7
2453 7
2464 1
2480 5
2481 5
2496 3
2509 8
2518 5
2564 6
2569 0
2584 9
2606 6
2613 4
2617 9
2626 0
2628 8
2629 3
2645 3
2647 4
2672 6
2678 4
2695 6
2709 3
2712 0
2757 8
2769 0
2770 5
2811 0
2823 8
2827 2
2832 5
2836 4
2842 5
2844 3
2847 2
2855 8
2860 2
2881 5
2882 2
2896 8
2904 4
2910 6
2920 0
2927 8
2933 7
2937 5
2940 4
2955 0
2965 1
2967 0
2975 7
2993 2
3010 9
3023 1
3033 6
3035 3
3037 0
3045 4
3047 0
3050 2
3061 3
3072 5
3073 0
3084 0
3117 9
3135 6
3137 1
3139 9
3157 4
3164 7
3165 0
3172 9
3175 6
3188 3
3199 2
3209 6
3214 5
3222 8
3227 4
3256 3
3258 4
3307 1
3320 4
3328 5
3334 0
3340 5
3356 8
3404 5
3430 6
3454 4
3463 8
3491 0
3496 6
3501 7
3512 4
3516 8
3518 4
3523 1
3536 6
3542 3
3548 9
3557 6
3575 7
3576 9
3584 5
3592 0
3599 7
3620 7
3621 4
3628 5
3630 1
3653 4
3659 5
3661 6
3664 7
3677 4
3679 5
3681 5
3682 4
3687 6
3694 1
3706 1
3715 6
3732 4
3753 5
3772 6
3796 6
3809 9
3820 7
3821 2
3831 9
3834 5
3839 1
3841 5
3850 6
3873 7
3882 3
3888 4
3921 6
3922 2
3927 3
3935 0
3937 0
3942 4
3949 4
3952 5
3982 4
4013 6
4018 9
4041 7
4054 7
4063 4
4076 7
4095 5
4102 8
4104 8
4115 0
4121 5
4139 5
4161 8
4169 1
4180 9
4197 8
4228 1
4242 2
4245 5
4248 7
4265 9
4281 7
4304 6
4306 3
4312 0
4316 2
4317 5
4318 7
4322 0
4328 2
4348 0
4362 6
4378 9
4392 4
4410 5
4427 5
4469 7
4479 6
4494 0
4495 4
4528 0
4538 0
4542 0
4556 6
4570 6
4577 2
4579 0
4585 7
4594 7
4608 5
4610 6
4633 9
4634 2
4650 6
4660 8
4664 5
4665 1
4699 4
4704 5
4722 0
4730 7
4731 4
4761 0
4766 5
4772 2
4800 4
4802 1
4804 0
4823 6
4828 8
4862 3
4880 0
4889 6
4927 8
4932 2
4933 1
4934 8
4937 2
4944 4
4957 1
4966 5
4968 9
4969 0
5000 3
5007 6
5008 5
5010 6
5023 0
5037 1
5038 7
5039 4
5048 9
5050 4
5058 9
5066 5
5107 1
5114 3
5121 3
5139 8
5156 2
5158 6
5159 0
5168 9
5200 0
5216 2
5219 8
5221 1
5227 2
5231 9
5233 9
5248 4
5259 3
5279 8
5291 4
5301 4
5302 7
5306 3
5307 0
5313 9
5333 3
5344 1
5361 0
5366 2
5372 5
5384 6
5416 9
5422 1
5425 3
5449 7
5462 8
5482 3
5499 3
5508 7
5520 1
5543 4
5545 1
5556 7
5591 4
5594 9
5615 0
5621 3
5625 3
5626 7
5633 2
5637 1
5640 0
5649 4
5650 7
5652 2
5653 0
5655 6
5702 2
5707 9
5708 4
5710 0
5713 5
5718 6
5723 7
5727 5
5752 1
5774 6
5782 2
5785 3
5795 9
5800 7
5814 6
5820 7
5834 0
5848 0
5874 1
5885 1
5887 1
5891 0
5923 9
5924 2
5949 6
5984 7
5986 4
5989 8
5995 3
6006 9
6044 4
6058 8
6075 2
6094 4
6096 4
6116 5
6125 6
6149 6
6150 2
6152 5
6181 4
6192 8
6198 4
6201 5
6215 6
6224 2
6246 7
6247 4
6248 0
6291 9
6303 7
6315 6
6328 0
6333 7
6334 6
6340 3
6344 7
6347 1
6348 5
6350 5
6351 3
6368 1
6370 4
6374 6
6377 5
6379 1
6389 8
6399 4
6417 0
6431 1
6443 5
6473 0
6477 0
6495 8
6502 0
6512 1
6518 1
6524 1
6534 6
6535 3
6540 0
6575 1
6579 3
6597 9
6623 4
6628 2
6642 6
6650 0
6673 5
6713 4
6715 8
6720 4
6721 0
6725 1
6732 2
6740 3
6765 8
6766 6
6779 8
6781 1
6783 7
6814 1
6848 1
6861 1
6867 7
6873 0
6879 5
6887 0
6903 0
6908 0
6921 7
6922 2
6925 0
6931 8
6935 3
6964 6
6974 0
6995 8
7028 4
7029 3
7030 0
7047 9
7056 5
7060 1
7065 5
7080 3
7094 7
7096 1
7126 3
7139 6
7140 5
7152 0
7166 9
7170 5
7171 7
7183 0
7193 2
