10
1 9
3 9
17 7
35 6
45 9
48 9
51 4
76 6
84 8
101 9
103 1
106 3
132 4
148 5
165 2
177 5
181 2
183 9
194 0
213 1
230 9
236 7
251 9
259 1
269 3
272 9
277 6
306 4
345 4
350 7
366 5
370 0
372 1
390 4
391 4
392 0
404 5
414 2
415 3
416 7
433 4
441 6
457 9
466 9
492 3
495 0
509 5
519 1
536 3
541 2
551 1
553 4
576 1
578 1
593 0
621 8
624 7
637 8
642 7
648 9
654 6
655 0
660 7
666 2
699 0
736 6
737 4
739 5
745 2
771 1
782 1
784 7
787 9
788 7
796 4
817 9
822 6
826 1
839 8
844 9
846 2
853 5
859 2
885 1
896 8
897 0
904 4
905 9
953 9
967 6
973 6
978 6
983 2
1020 0
1035 4
1041 7
1042 3
1054 9
1057 5
1075 4
1080 6
1101 5
1108 2
1129 7
1139 9
1144 9
1145 8
1147 8
1160 6
1167 8
1176 2
1193 2
1197 2
1210 4
1211 4
1216 6
1233 4
1240 4
1241 1
1243 0
1252 5
1264 7
1276 1
1284 0
1298 0
1311 8
1315 6
1316 7
1322 1
1348 7
1365 2
1377 2
1380 2
1386 5
1396 1
1401 8
1412 0
1417 9
1438 9
1440 1
1443 3
1445 1
1446 9
1452 4
1454 5
1462 9
1466 6
1483 7
1503 0
1506 4
1526 3
1529 7
1535 5
1539 0
1554 9
1569 9
1581 6
1596 0
1605 1
1633 9
1640 9
1641 4
1676 3
1682 6
1685 4
1687 7
1688 3
1689 6
1692 4
1695 5
1726 1
1739 2
1760 1
1770 1
1774 8
1804 5
1816 7
1853 5
1859 8
1864 2
1874 0
1877 6
1892 7
1909 9
1914 1
1924 9
1929 0
1943 4
1944 5
1988 0
1991 9
2006 0
2010 2
2027 8
2033 6
2051 3
2054 8
2060 8
2079 2
2088 8
2092 8
2098 7
2107 7
2114 9
2127 2
2150 3
2161 1
2174 5
2189 9
2195 1
2201 7
2202 9
2211 7
2212 9
2223 0
2227 7
2230 4
2244 3
2249 0
2251 6
2257 7
2262 3
2267 3
2268 0
2273 7
2278 9
2301 7
2310 5
2312 3
2387 5
2411 1
2413 8
2442 8
2469 1
2473 2
2479 6
2486 1
2501 9
2502 9
2516 6
2539 5
2547 5
2553 2
2568 8
2587 0
2588 3
2598 7
2604 5
2617 3
2665 0
2672 7
2683 5
2688 2
2692 2
2719 7
2725 9
2734 8
2740 4
2748 7
2761 5
2770 4
2782 9
2787 1
2788 3
2800 4
2803 6
2805 2
2806 1
2817 7
2818 0
2822 2
2831 1
2838 3
2842 8
2861 6
2868 4
2871 2
2881 0
2883 9
2889 7
2891 1
2905 3
2908 2
2918 3
2921 0
2987 9
2988 6
2989 0
3000 5
3001 7
3022 6
3029 8
3067 9
3069 7
3073 4
3076 6
3081 0
3093 1
3095 3
3096 2
3117 3
3128 6
3133 6
3135 1
3143 7
3144 0
3186 3
