10
3 1
6 3
12 1
24 0
38 5
39 6
43 7
49 2
51 7
58 5
59 0
62 3
72 2
117 2
143 8
159 8
165 6
172 3
182 0
213 9
217 0
230 4
241 4
250 8
258 0
270 6
287 7
304 1
328 4
333 9
354 5
370 7
379 6
388 5
389 2
414 6
417 4
423 8
435 0
474 0
479 2
489 2
493 6
496 9
504 6
506 1
544 8
560 8
574 0
584 0
609 4
615 8
616 0
624 5
626 6
648 3
649 9
657 8
687 1
696 4
718 5
719 9
730 5
736 6
737 7
739 1
755 1
761 9
762 4
775 4
800 3
827 7
837 4
846 9
848 9
863 4
869 6
875 8
877 2
887 2
894 4
899 2
904 3
905 2
911 4
921 6
923 2
944 1
947 3
978 7
982 7
990 5
1020 1
1024 2
1027 2
1059 8
1069 2
1086 6
1094 5
1100 2
1107 8
1130 2
1140 0
1154 7
1156 0
1161 3
1186 3
1218 2
1231 5
1241 5
1244 4
1249 1
1257 6
1258 3
1261 6
1267 5
1279 2
1283 8
1292 7
1305 3
1306 8
1307 4
1338 7
1342 1
1353 3
1370 2
1376 9
1381 4
1390 9
1393 6
1408 1
1437 1
1438 5
1443 2
1445 1
1446 0
1459 8
1469 5
1475 3
1476 4
1477 6
1479 8
1480 4
1484 0
1489 0
1521 2
1529 8
1538 0
1542 3
1581 2
1601 5
1605 3
1607 4
1613 0
1621 7
1630 9
1632 7
1643 3
1654 6
1668 6
1695 1
1696 4
1704 5
1705 8
1717 7
1731 2
1761 9
1778 2
1783 8
1796 7
1816 0
1826 1
1827 7
1856 0
1873 8
1889 0
1898 6
1903 4
1905 4
1909 8
1915 6
1919 1
1935 2
1937 9
1939 9
1950 4
1952 3
1960 1
1961 8
1983 7
2013 7
2027 8
2033 0
2053 1
2057 7
2059 2
2063 4
2083 6
2121 8
2158 7
2162 2
2171 8
2173 3
2174 2
2176 4
2197 6
2210 2
2228 2
2247 2
2248 3
2254 8
2258 4
2265 1
2274 2
2289 3
2296 0
2308 0
2314 3
2320 5
2323 8
2335 8
2343 2
2367 3
2374 6
2376 9
2379 0
2381 8
2387 6
2393 1
2400 1
2406 0
2421 5
2422 5
2429 0
2446 1
2456 3
2462 0
2484 8
2494 8
