10
30 0
31 1
40 2
46 2
47 3
87 1
95 4
103 6
130 6
181 1
183 6
192 9
218 8
222 3
229 3
234 1
263 4
272 4
283 8
293 9
295 7
301 0
318 8
334 7
343 9
362 6
372 8
388 0
395 8
396 9
400 4
411 7
424 1
461 0
491 2
500 1
503 1
519 2
521 5
538 7
551 0
562 1
563 3
564 5
592 0
594 4
606 0
610 5
624 5
625 2
649 8
662 3
695 5
700 7
717 1
757 3
781 4
794 8
803 0
807 0
811 9
834 0
847 2
854 4
858 5
877 7
878 0
880 6
883 8
884 0
886 7
889 0
891 4
895 8
919 8
926 0
930 0
931 6
957 6
958 5
959 5
963 0
967 3
969 0
976 0
983 2
996 7
1002 6
1010 3
1013 8
1033 2
1038 3
1074 7
1078 6
1095 0
1098 3
1145 5
1152 4
1158 1
1172 7
1174 4
1175 1
1192 7
1203 3
1219 5
1223 2
1234 2
1247 2
1253 9
1256 2
1258 9
1267 9
1270 2
1287 5
1307 9
1320 9
1329 3
1349 2
1350 4
1363 3
1374 8
1403 9
1411 7
1417 8
1423 3
1461 9
1487 9
1490 1
1492 4
1497 4
1503 0
1506 7
1507 3
1510 2
1516 8
1525 4
1540 6
1541 2
1543 8
1560 2
1571 2
1596 9
1597 6
1613 4
1618 8
1630 1
1633 3
1649 5
1656 1
1660 6
1679 3
1691 9
1709 3
1722 2
1724 8
1740 9
1744 7
1777 9
1781 3
1785 5
1805 4
1806 1
1808 0
1817 9
1824 9
1834 5
1836 8
1863 8
1866 1
1867 6
1869 2
1883 9
1897 3
1898 7
1921 6
1954 6
1957 5
1964 2
1975 8
1991 7
2018 8
2029 0
2031 2
2035 2
2038 0
2039 4
2044 5
2048 3
2049 3
2057 4
2070 3
2077 3
2085 6
2086 3
2096 7
2097 1
2106 6
2110 7
2114 1
2123 5
2135 8
2166 9
2167 7
2175 1
2211 3
2232 1
2234 3
2264 4
2266 4
2274 4
2288 6
2294 3
2313 9
2321 9
2340 0
2343 7
2358 7
2359 6
2360 1
2361 1
2413 8
2417 4
2425 7
2427 8
2435 3
2442 1
2458 8
2459 9
2462 5
2470 5
2471 1
2473 5
2476 0
2480 4
2484 1
2487 5
2490 8
2492 7
2498 9
2500 1
2512 1
2515 5
2517 1
2521 3
2522 2
2553 3
2565 9
2567 7
2597 3
2603 3
2609 6
2615 8
2630 7
2632 5
2653 4
2676 5
2699 2
2707 3
2710 6
2712 6
2724 1
2731 9
2735 5
2741 9
2763 6
2765 8
2766 1
2811 9
2822 5
2825 3
2828 0
2832 4
2860 9
2881 1
2884 0
2904 8
2905 4
2909 6
2913 6
2928 1
2931 9
2937 3
2938 4
2948 3
2949 8
2956 5
2967 6
2982 1
2992 7
3006 4
3010 3
3012 6
3013 4
3017 9
3040 9
3041 3
3059 2
3069 7
3073 6
3083 2
3084 1
3103 8
3119 6
3136 5
3179 5
3211 4
3217 6
3219 9
3222 9
3230 8
3232 0
3248 3
3252 3
3262 7
3264 3
3268 5
3275 2
3284 4
3291 1
3295 5
3311 9
3319 2
3321 9
3326 3
3328 9
3357 3
3368 0
3370 9
3372 8
3376 3
3382 9
3384 7
3399 4
3410 7
3418 3
3431 0
3438 9
3440 7
3441 2
3455 6
3460 0
3466 2
3467 7
3475 3
3479 2
3484 4
3510 5
3529 1
3545 9
3551 3
3570 8
3579 2
3589 0
3591 9
3622 8
3624 7
3633 8
3635 3
3638 3
3645 1
3655 8
3658 9
3664 7
3680 1
3688 3
3721 5
3726 3
3738 4
3759 9
3765 2
3808 1
3838 5
3868 5
3878 9
3885 9
3906 4
3920 5
3927 5
3928 4
3934 5
3935 8
3950 9
3972 8
3980 1
3992 9
4010 5
4011 2
4018 8
4023 3
4024 2
4055 2
4061 7
4064 6
4079 0
4123 3
4144 4
4153 6
4170 1
4188 2
4203 6
4205 2
4207 0
4222 6
4225 1
4239 7
4240 3
4245 1
4272 3
4278 2
4287 8
4289 2
4301 9
4318 4
4332 5
4348 2
4349 6
4358 0
4360 8
4363 7
4388 0
4395 4
4398 4
4413 9
4418 8
4444 7
4464 8
4465 5
4469 2
4507 0
4518 8
4537 9
4550 3
4559 6
4560 8
4574 2
4576 7
4583 4
4602 2
4605 7
4633 2
4639 8
4652 1
4659 5
4671 5
4686 4
4687 7
4700 1
4702 9
4709 8
4727 0
4728 8
4735 3
4742 8
4758 8
4764 8
4770 9
4771 5
4779 9
4782 7
4784 7
4792 6
4804 9
4805 8
4814 8
4818 4
4824 9
4830 7
4843 5
4855 7
4861 4
4886 9
4889 2
4900 5
4939 1
4957 3
4977 2
5018 3
5019 3
5032 6
5038 1
5065 9
5068 7
5078 2
5083 0
5090 4
5091 7
5099 7
5100 1
5101 3
5109 1
5117 8
5118 7
5135 0
5139 5
5143 0
5145 7
5154 6
5165 6
5193 9
5205 4
5219 0
5220 7
5225 3
5236 2
5238 2
5241 6
5245 0
5256 0
5258 1
5260 0
5265 7
5267 8
5268 1
5277 9
5285 2
5291 4
5293 1
5294 8
5306 2
5315 9
5330 2
5332 5
5341 9
5360 8
5364 5
5372 6
5384 1
5427 8
5430 8
5437 5
5450 2
5452 0
5454 8
5492 7
5501 5
5507 6
5517 9
5527 7
5541 4
5545 9
5549 1
5559 7
5560 9
5571 9
5573 5
5606 1
5648 3
5654 9
5665 2
5668 0
5675 5
5694 7
5699 5
5707 4
5711 8
5728 0
5735 4
5736 2
5761 7
5783 8
5784 2
5786 2
5793 3
5806 1
5815 5
5850 2
5852 2
5859 1
5868 8
5877 5
5878 0
5953 8
5959 4
5962 8
5975 4
5978 7
5985 0
5987 9
6012 5
6016 4
6030 1
6064 2
6068 4
6073 9
6077 3
6086 3
6108 9
6119 7
6124 6
6136 5
6143 4
6166 2
6168 5
6170 5
6175 9
6202 7
6210 0
6213 3
6243 7
6246 2
6255 9
6259 6
6282 5
6285 5
6287 8
6306 0
6310 2
6315 0
6320 7
6327 9
6338 9
6347 0
6356 3
6368 6
6377 6
6394 8
6432 1
6447 7
6462 9
6467 5
6470 8
6486 3
6495 2
6509 6
6518 8
6526 8
6574 7
6576 1
6577 3
6584 9
6593 1
6603 6
6607 7
6648 0
6661 2
6671 4
6684 9
6709 9
6750 5
6751 1
6762 2
6775 4
6798 6
6800 2
6806 9
6808 5
6811 9
6816 9
6819 2
6835 6
6845 7
6853 4
6855 6
6861 2
6866 9
6874 7
6879 5
6880 5
6888 8
6891 1
6894 8
6899 0
6907 2
6913 1
6919 2
6921 0
6925 8
6931 6
6945 8
6955 0
6978 9
6980 0
6986 3
6993 0
6994 2
7005 1
7037 1
7049 8
7050 9
7061 8
7070 5
7074 1
7082 8
7085 4
7091 2
7098 2
7102 6
7119 0
7120 4
7134 0
7136 3
7137 1
7178 9
7183 0
7211 0
7244 9
7252 4
7257 2
7258 5
7272 1
7275 1
7278 3
7305 1
7315 8
7326 3
7331 3
7338 8
7377 3
7381 8
7395 4
7402 6
7410 2
7422 4
7431 1
7469 2
7479 7
7481 3
7503 2
7505 9
7510 5
7524 6
7552 8
7557 6
7559 4
7580 5
7591 3
7592 0
7619 8
7626 3
7639 0
7642 3
7644 2
7648 1
7649 2
7662 3
7667 7
7669 8
7676 7
7708 6
7739 2
7745 7
7769 6
7778 2
7782 9
7798 9
7806 1
7808 1
7812 9
7818 9
7835 0
7838 8
7853 6
7860 4
7868 8
7886 3
7898 8
7930 4
7935 7
7951 2
7966 9
7982 9
7988 9
7992 3
8004 0
8010 9
8012 1
8027 7
8028 9
8035 6
8043 6
8071 2
8075 9
8089 2
8105 3
8106 1
8110 4
8115 4
8129 8
8153 9
8173 3
8175 2
8231 4
8241 6
8242 5
8255 5
8258 1
8268 6
8269 3
8288 7
8294 1
8308 5
8320 5
8324 8
8329 1
8341 3
8349 3
8359 3
8365 0
8374 1
8381 6
8383 1
8386 1
8388 6
8395 1
8400 3
8419 1
8421 2
8422 9
8434 3
8439 9
8443 5
8444 3
8448 5
8449 8
8454 8
8458 6
8491 9
8498 8
8501 5
8509 7
8526 7
8553 7
8558 7
8580 0
8594 2
8597 8
8600 6
8619 0
8632 5
8650 0
8653 4
8658 3
8660 4
8664 8
8667 3
8671 3
8688 8
8712 9
8720 2
8742 0
8761 2
8770 8
8783 4
8788 5
8793 1
8813 5
8825 7
8834 9
8838 9
8843 9
8856 4
8871 7
8915 2
8917 0
8920 2
8930 8
8946 8
8977 2
8978 1
8987 4
8988 2
9004 6
9008 0
9033 7
9042 6
9043 0
9044 8
9051 9
9058 7
9079 6
9096 0
9101 6
9116 2
9120 9
9155 1
9156 8
9167 5
9169 4
9185 5
9186 1
9196 2
9206 9
9221 5
9229 9
9232 2
9245 5
9258 8
9286 9
9289 5
9290 2
9292 4
9313 5
9322 7
9336 1
9357 1
9361 5
9362 5
9363 6
9368 8
9384 4
9390 7
9441 4
9443 1
9463 2
9464 5
9477 3
9483 8
9501 4
9508 6
9509 1
9515 9
9520 0
9524 8
9529 4
9537 8
9545 6
9567 7
9573 9
9594 6
9595 7
9603 5
9610 7
9635 6
9636 0
9654 9
9671 7
9678 9
9680 3
9685 9
9692 3
9693 1
9706 2
9713 1
9714 8
9736 2
9771 7
9792 2
9793 5
9794 4
