10
2 2
6 1
14 3
25 1
33 3
42 1
52 6
94 8
106 5
109 5
130 1
142 0
153 2
157 5
167 8
178 4
205 4
206 3
209 7
219 8
223 2
241 9
244 5
245 3
265 4
275 0
277 2
284 1
285 2
295 2
299 3
316 5
322 6
332 0
384 9
389 4
405 9
408 2
416 6
429 9
432 3
434 8
447 7
469 8
475 3
482 6
488 3
496 8
505 1
515 7
522 1
524 3
532 6
540 3
544 0
546 0
557 2
559 0
563 3
624 0
630 7
638 7
646 1
652 3
662 7
673 0
685 5
697 8
700 1
712 6
725 6
745 0
749 8
763 9
777 1
780 7
792 3
793 0
820 0
828 9
831 3
838 2
841 4
848 5
864 4
883 4
907 9
944 6
946 0
951 4
952 5
955 1
966 3
970 8
974 8
986 7
989 6
1020 6
1027 7
1039 3
1049 2
1052 6
1056 7
1058 6
1073 7
1083 6
1084 5
1095 0
1104 5
1107 3
1138 2
1143 8
1179 7
1181 6
1188 1
1195 7
1208 2
1215 0
1223 0
1233 3
1266 6
1267 8
1278 2
1303 6
1328 7
1331 7
1339 5
1343 4
1347 5
1352 1
1372 4
1373 9
1384 6
1386 7
1405 1
1406 0
1412 2
1429 8
1455 5
1471 9
1479 5
1480 8
1496 9
1515 9
1526 9
1539 7
1549 0
1556 9
1562 6
1570 3
1573 1
1582 3
1592 8
1593 9
1595 6
