10
12 8
22 1
26 4
41 7
47 1
50 8
54 0
56 6
57 9
69 2
91 6
110 2
120 5
125 4
136 5
149 1
162 6
166 5
176 9
178 7
187 0
216 2
226 6
231 8
244 6
265 9
306 2
311 7
332 8
339 2
340 2
341 1
354 6
360 9
367 9
389 6
396 4
405 6
406 7
411 5
418 0
426 3
427 2
430 5
435 8
442 8
460 5
470 6
475 4
490 4
496 9
522 2
525 8
535 2
549 2
566 0
571 3
582 6
584 2
601 1
602 1
605 8
608 7
610 9
614 7
629 4
634 6
635 7
651 8
654 6
655 8
675 6
694 9
715 1
727 4
737 5
767 6
770 5
794 4
803 6
819 8
822 0
850 9
857 5
864 3
874 2
883 8
903 4
915 4
926 3
938 9
943 3
974 6
976 0
991 4
993 0
997 1
1004 3
1012 7
1028 3
1035 8
1059 5
1086 1
1132 8
1149 2
1152 6
1153 2
1172 1
1177 0
1178 2
1179 9
1180 9
1196 0
1230 8
1232 8
1234 3
1240 2
1245 4
1269 6
1271 6
1285 2
1292 9
1299 9
1313 9
1315 7
1327 7
1360 0
1374 6
1379 2
1400 4
1408 4
1419 7
1422 0
1423 2
1431 2
1440 8
1441 8
1454 4
1506 3
1522 1
1525 7
1558 2
1569 8
1572 9
1573 1
1600 3
1609 8
1615 9
1623 0
1629 0
1634 7
1638 3
1644 7
1649 6
1663 6
1675 4
1680 9
1728 5
1729 1
1769 0
1780 8
1792 9
1816 9
1827 8
1853 5
1857 5
1864 8
1889 8
1892 8
1893 6
1899 7
1900 5
1903 7
1917 2
1952 4
1956 8
1963 0
1965 3
1967 5
1998 2
2002 5
2018 8
2019 0
2021 8
2022 5
2039 1
2056 7
2058 2
2074 1
2075 4
2079 9
2082 1
2100 5
2112 3
2115 5
2118 0
2120 4
2137 3
2145 5
2180 7
2187 4
2190 3
2193 7
2204 4
2210 8
2212 3
2227 9
2228 4
2233 8
2274 7
2279 3
2286 4
2287 0
2306 8
2329 4
2342 6
2361 6
2365 3
2369 9
2373 1
2381 8
2400 3
2437 7
2443 5
2445 1
2458 4
2462 8
2468 4
2496 9
2513 6
2518 1
2522 8
2540 8
2556 0
2562 2
2570 9
2582 2
2592 4
2593 0
2603 1
2624 6
2641 8
2650 2
2659 7
2663 2
2666 9
2670 1
2686 7
2743 3
2746 6
2749 9
2761 2
2764 0
2778 1
2788 6
2790 1
2794 2
2802 0
2804 2
2818 7
2823 0
2826 9
2851 0
2867 1
2883 0
2884 0
2886 8
2890 1
2891 6
2897 2
2906 8
2918 3
2929 3
2937 1
2938 6
2943 1
2946 8
2950 6
2953 1
2958 1
2973 4
2979 0
2983 9
2986 4
2991 3
2999 3
3005 4
3026 6
3062 2
3079 4
3112 5
3126 2
3139 0
3151 8
3156 3
3164 1
3170 3
3184 0
3189 9
3204 9
3209 3
3220 1
3250 6
3255 0
3265 1
3272 3
3326 3
3339 8
3342 2
3358 0
3359 5
3362 7
3371 8
3400 8
3402 3
3427 2
3437 8
3441 9
3446 0
3451 6
3452 9
3458 0
3474 1
3482 8
3486 2
3495 9
3499 9
3512 4
3519 2
3531 5
3534 9
3545 1
3548 6
3564 6
3611 4
3615 1
3616 8
3649 9
3650 7
3651 2
3657 2
3661 4
3702 9
3706 5
3719 8
3733 5
3737 4
3761 7
3771 5
3799 5
3829 7
3839 0
3848 1
3852 4
3855 1
3857 6
3877 5
3878 7
3879 6
3882 0
3895 7
3898 9
3901 9
3913 2
3915 1
3922 8
3925 3
3929 8
3934 5
3939 1
3944 9
3948 1
3956 6
3960 9
3970 9
3971 3
3974 5
3982 4
4011 4
4014 9
4027 7
4031 1
4063 7
4066 4
4067 6
4068 6
4082 1
4091 1
4093 2
4094 9
4115 4
4123 5
4124 7
4130 6
4133 7
4145 3
4148 0
4164 8
4166 5
4171 7
4175 8
4187 6
4197 2
4204 6
4215 8
4217 3
4230 8
4247 2
4250 5
4251 0
4254 8
4286 1
4297 7
4303 7
4309 0
4317 2
4319 5
4322 6
4327 7
4351 4
4360 5
4378 3
4385 4
4386 8
4388 1
4450 5
4464 8
4499 7
4511 1
4513 1
4514 8
4516 7
4520 6
4526 0
4529 8
4536 5
4555 6
4556 1
4569 0
4606 3
4617 3
4618 1
4619 2
4654 6
4666 3
4679 6
4687 9
4713 3
4718 0
4722 4
4752 8
4762 6
4770 9
4809 8
4818 7
4823 6
4824 1
4833 7
4842 5
4857 4
4859 0
4861 0
4882 0
4899 9
