10
27 8
75 7
83 8
101 7
104 1
115 9
116 3
118 3
121 3
141 0
143 5
158 7
171 7
189 9
196 2
199 9
240 0
241 5
248 8
250 6
259 1
260 7
263 0
273 1
275 2
294 9
307 6
331 1
343 0
348 7
349 9
358 0
359 6
365 0
367 3
385 1
392 4
405 6
408 2
422 7
423 2
437 3
443 2
448 0
463 9
465 1
471 0
475 7
479 4
482 0
485 3
494 4
514 4
515 2
531 3
539 3
543 6
552 7
561 0
584 6
617 2
625 1
634 5
636 9
637 4
649 3
663 7
665 9
691 7
700 5
707 7
719 3
724 9
726 1
735 3
746 8
748 3
750 5
752 7
792 3
793 7
797 5
805 4
806 5
810 7
827 5
829 8
852 2
863 7
875 0
881 4
894 2
896 9
897 6
934 7
963 3
964 0
1000 6
1011 1
1022 2
1026 3
1035 7
1036 1
1040 8
1074 1
1090 8
1091 0
1136 6
1161 9
1163 5
1171 5
1175 8
1176 6
1192 4
1202 3
1208 1
1211 5
1229 6
1232 9
1235 5
1251 6
1267 6
1284 6
1288 6
1291 9
1295 1
1297 9
1308 7
1322 2
1326 8
1335 4
1337 1
1342 7
1358 5
1371 1
1382 0
1386 9
1392 7
1399 1
1401 0
1405 8
1421 8
1448 2
1454 8
1471 2
1482 3
1487 6
1490 9
1493 6
1505 7
1514 0
1526 8
1533 2
1539 5
1549 0
1550 7
1567 9
1575 4
1586 4
1593 1
1598 9
1602 1
1609 2
1618 8
1620 3
1631 0
1647 4
1650 3
1657 7
1658 1
1667 7
1698 3
1713 8
1721 2
1725 4
1737 8
1738 6
1745 4
1770 8
1772 5
1776 8
1779 2
1802 6
1822 3
1838 5
1841 0
1865 6
1875 3
1885 0
1889 0
1896 5
1906 9
1910 5
1913 1
1917 8
1958 0
1959 8
1974 4
1989 7
1993 0
2030 3
2032 2
2041 3
2045 1
2046 3
2050 8
2067 6
2091 5
2097 4
2102 3
2109 4
2113 6
2116 8
2127 4
2132 1
2144 2
2150 8
2170 7
2179 6
2185 8
2199 1
2207 7
2214 8
2215 6
2223 5
2232 2
2257 0
2263 3
2265 1
2273 3
2274 9
2297 2
2300 4
2307 8
2314 3
2315 6
2330 8
2332 1
2334 9
2346 1
2354 0
2363 6
2367 7
2387 9
2394 9
2399 5
2433 3
2449 6
2455 4
2460 0
2464 0
2474 0
2482 9
2486 1
2487 4
2518 8
2523 5
2534 4
2551 3
2557 6
2558 8
2577 0
2582 7
2592 5
2607 8
2609 5
2613 9
2628 0
2637 9
2651 5
2659 5
2663 0
2672 3
2678 5
2681 0
2694 5
2696 2
2705 4
2706 4
2709 9
2725 7
2741 2
2755 1
2779 6
2780 8
2788 8
2798 6
2800 1
2803 2
2805 7
2806 3
2818 8
2828 9
2833 0
2843 5
2846 9
2847 0
2856 7
2867 0
2881 8
2883 0
2917 0
2933 3
2970 5
2973 3
2986 6
2997 9
2999 8
3004 5
3007 7
3017 9
3031 0
3036 1
3037 1
3058 8
3077 3
3108 0
3110 5
3149 2
3153 7
3173 6
3174 3
3184 0
3194 2
3196 6
3198 5
3203 8
3204 5
3232 6
3246 0
3253 1
3255 2
3270 6
3272 4
3289 0
3315 3
3317 4
3323 3
3339 0
3360 3
3385 2
3396 7
3403 0
3439 9
3445 8
3454 2
3460 2
3463 1
3468 6
3469 2
3479 3
3502 0
3513 4
3519 7
3528 5
3553 4
3556 8
3574 8
3579 4
3589 6
3593 1
3633 6
3644 9
3646 3
3656 9
3657 5
3665 4
3668 4
3682 3
3688 5
3697 3
3698 4
3757 6
3764 5
3793 1
3830 8
3845 8
3846 6
3847 0
3853 4
3854 2
3866 8
3868 8
3877 0
3884 6
3903 8
3915 8
3920 6
3926 3
3951 4
3958 2
3961 4
3971 6
3972 9
3986 5
3987 1
4006 9
4008 4
4019 8
4026 0
4029 7
4057 0
4065 8
4066 8
4078 5
4093 7
4099 8
4119 4
4126 3
4129 7
4149 9
4163 6
4177 8
4193 1
4197 3
4206 7
4214 9
4227 1
4229 8
4232 5
4247 2
4250 1
4265 4
4272 1
4277 2
4287 2
4289 6
4306 6
4318 2
4320 0
4323 4
4354 0
4356 9
4381 2
4403 4
4432 1
4439 4
4462 3
4464 1
4465 4
4466 7
4474 4
4479 1
4481 2
4488 1
4495 8
4498 7
4512 4
4516 3
4531 6
4560 5
4564 6
4567 4
4569 3
4594 8
4601 0
4631 5
4646 0
4665 2
4688 0
4704 3
4730 1
4732 2
4758 3
4772 5
4777 7
4806 5
4825 6
4849 3
4859 5
4862 9
4870 7
4882 1
4939 2
4940 6
4942 7
4971 3
4972 9
4973 3
4996 5
5016 1
5024 1
5030 1
5034 1
5036 5
5043 3
5045 3
5061 2
5101 5
5112 9
5113 6
5116 5
5159 7
5160 3
5214 4
5215 4
5218 5
5222 1
5223 2
5225 2
5245 0
5266 3
5333 7
5335 7
5336 6
5341 3
5359 3
5364 8
5386 3
5387 9
5401 3
5402 4
5403 8
5411 9
5418 8
5426 6
5435 3
5440 9
5455 6
5460 8
5461 8
5465 8
5467 3
5484 4
5510 9
5538 5
5554 3
5560 1
5564 5
5567 9
5576 7
5583 8
5591 7
5600 0
5625 3
5630 5
5637 1
5640 2
5642 3
5656 7
5679 9
5702 9
5708 6
5710 9
5717 9
5718 8
5719 0
5728 3
5730 7
5732 7
5736 0
5760 4
5792 1
5813 8
5835 6
5836 4
5847 3
5861 0
5862 6
5880 3
5884 8
5887 5
5907 7
5928 8
5935 9
5939 1
5940 5
5956 6
5957 4
5990 6
5992 1
6001 4
6007 5
6014 5
6023 2
6035 6
6050 8
6055 5
6066 7
6081 7
6091 1
6094 4
6104 8
6150 2
6156 5
6177 0
6186 7
6216 3
6244 3
6249 1
6251 2
6270 2
6279 0
6293 8
6309 0
6313 5
6316 5
6331 2
6365 3
6366 8
6369 0
6384 6
6406 7
6420 7
6441 7
6459 1
6469 6
6490 5
6492 2
6493 4
6498 4
6515 5
6518 6
6538 5
6545 3
6550 5
6562 4
6566 1
6625 1
6626 5
6645 0
6647 1
6654 5
6662 0
6663 2
6680 4
6700 7
6711 8
6727 6
6729 3
6737 0
6744 0
6759 2
6766 5
6784 2
6787 1
6797 5
