10
0 9
8 9
9 7
16 3
19 4
35 1
45 6
46 4
58 3
61 1
62 1
80 1
87 5
113 4
126 6
130 9
143 7
166 2
168 0
170 5
183 2
185 9
218 1
232 3
234 5
273 4
274 1
282 3
292 4
326 2
327 2
332 5
337 0
338 0
342 9
348 5
388 6
403 1
408 1
410 1
431 7
432 2
451 6
463 3
465 2
474 4
479 1
483 4
484 4
508 2
544 6
547 2
566 9
572 8
573 3
580 0
601 7
611 0
615 5
629 0
640 6
647 8
652 0
657 8
672 7
674 2
701 3
713 5
721 0
734 1
738 2
755 9
761 5
762 3
766 8
774 4
777 2
815 6
819 6
823 8
845 0
850 2
853 2
856 7
857 1
867 4
870 7
872 7
878 3
881 0
883 2
886 2
891 4
897 1
923 0
936 9
943 7
946 1
961 1
978 1
980 9
987 3
1011 4
1014 2
1037 2
1069 3
1071 8
1083 4
1102 7
1106 2
1108 1
1110 4
1118 8
1123 6
1124 5
1132 2
1148 8
1154 0
1164 3
1169 0
1176 6
1185 5
1187 2
1195 7
1200 3
1220 8
1260 8
1288 7
1290 1
1298 3
1307 8
1329 9
1333 4
1336 0
1340 2
1343 1
1348 6
1354 0
1367 8
1371 1
1378 1
1379 0
1382 9
1415 8
1436 7
1459 5
1460 4
1475 2
1507 2
1509 6
1523 5
1528 3
1537 6
1551 1
1565 1
1570 0
1575 0
1595 3
1601 4
1616 4
1619 7
1636 9
1639 6
1643 4
1649 2
1651 5
1656 4
1657 5
1664 1
1668 3
1679 2
1683 0
1698 5
1704 0
1736 8
1738 6
1762 8
1785 3
1793 7
1805 8
1819 2
1836 8
1842 2
1858 2
1883 0
1890 5
1919 1
1926 9
1961 9
1974 3
1984 3
1995 3
1996 1
1999 2
2017 3
2024 5
2027 8
2042 7
2047 8
2052 9
2087 5
2122 2
2132 7
2171 8
2190 7
2211 0
2239 6
2250 1
2264 0
2268 8
2278 1
2303 6
2328 2
2331 9
2333 4
2348 2
2354 7
2358 9
2370 7
2371 0
2375 0
2381 2
2385 3
2395 6
2423 0
2430 5
2441 6
2450 9
2454 4
2455 9
2458 7
2471 1
2474 4
2476 4
2490 8
2497 2
2498 9
2525 7
2536 3
2545 0
2559 4
2560 5
2563 9
2565 9
2575 3
2577 6
2589 2
2611 9
2612 4
2613 5
2617 4
2620 8
2636 7
2646 5
2673 9
2678 2
