10
1 1
10 3
26 2
41 6
47 7
79 8
86 3
90 7
101 2
140 6
147 9
158 8
164 0
189 9
194 7
200 7
222 2
236 4
266 7
294 7
306 2
320 5
334 0
360 7
396 2
419 0
426 3
429 1
447 2
470 8
475 8
484 1
486 8
507 8
515 0
518 6
519 2
521 2
522 4
523 0
536 9
560 6
563 7
589 0
591 0
601 3
602 0
633 4
637 5
646 8
658 8
673 7
692 3
729 5
732 7
741 9
746 5
758 7
762 5
785 8
786 7
797 4
807 7
810 6
821 6
840 4
849 2
851 0
859 3
861 7
862 8
863 8
877 1
881 5
885 3
886 5
887 7
902 6
948 7
951 4
954 9
993 4
1013 1
1016 6
1019 6
1026 5
1042 2
1055 6
1061 4
1064 9
1068 5
1073 3
1075 6
1102 1
1118 2
1123 1
1147 2
1164 4
1166 8
1167 8
1182 6
1198 3
1209 0
1232 5
1233 4
1238 5
1242 6
1246 8
1254 0
1260 8
1290 4
1297 3
1304 4
1313 2
1318 6
1320 8
1336 5
1346 2
1364 5
1365 8
1378 7
1391 4
1407 2
1420 2
1423 1
1449 6
1471 9
1472 3
1483 0
1507 5
1508 3
1524 7
1552 1
1554 2
1562 7
1572 5
1575 6
1592 9
1593 3
1594 8
1600 1
1608 0
1615 0
1616 0
1637 2
1638 7
1639 1
1648 5
1667 1
1670 5
1676 2
1680 4
1689 6
1691 5
1695 2
1700 5
1701 6
1702 2
1716 9
1718 0
1721 8
1724 3
1729 3
1730 7
1742 1
1752 3
1774 3
1782 0
1796 6
1800 5
1803 2
1818 3
1822 0
1873 2
1885 0
1890 5
1910 1
1911 0
1914 7
1925 2
1929 5
1930 8
1934 6
1936 0
1945 9
1949 7
1967 0
1968 9
1969 4
1975 8
1976 2
1997 0
2014 6
2017 0
2041 0
2081 3
2082 6
2084 8
2090 5
2096 2
2101 2
2102 2
2115 1
2118 3
2119 7
2127 4
2132 3
2135 9
2151 7
2162 9
2169 5
2176 1
2183 3
2194 2
2202 9
2206 8
2208 2
2226 2
2252 8
2264 5
2267 0
2277 0
2278 1
2288 5
2294 8
2299 3
2300 3
2309 9
2319 9
2321 9
2338 7
2342 5
2345 3
2346 4
2360 2
2380 1
2387 9
2388 2
2402 8
2406 9
2423 1
2425 7
2426 1
2448 0
2464 3
2465 3
2473 1
2476 1
2479 7
2491 2
2495 0
2513 4
2524 0
2538 6
2563 6
2572 9
2579 4
2591 9
2594 7
2598 8
2603 5
2649 9
2675 3
2679 9
2726 6
2747 3
2753 4
2760 6
2773 7
2774 2
2777 7
2781 4
2792 6
2822 1
2824 0
2837 0
2841 9
2848 4
2853 2
2857 5
2858 0
2861 0
2863 4
2889 9
2896 1
2922 1
2932 0
2936 9
2949 6
2968 5
2970 8
2972 1
2985 0
2993 5
2996 9
2998 7
2999 4
3009 3
3016 4
3044 9
3045 4
3072 8
3084 5
3085 5
3089 9
3092 2
3107 1
3111 4
3114 2
3126 1
3133 9
3139 9
3145 9
3147 9
3174 7
3191 8
3194 4
3195 3
3197 3
3202 8
3203 5
3216 1
3226 8
3242 7
3252 3
3260 3
3265 7
3266 0
3281 4
3282 6
3289 0
3315 3
3316 9
3320 6
3334 2
3337 0
3345 9
3364 6
3369 5
3380 9
3381 7
3410 9
3418 3
3426 4
3448 6
3449 4
3451 0
3460 1
3463 9
3492 6
3502 2
3517 7
3560 5
3562 7
3563 5
3590 1
3593 5
3595 5
3600 7
3607 2
3623 6
3624 8
3626 9
3629 7
3640 4
3649 9
3663 1
3683 5
3688 1
3690 9
3705 4
3710 5
3741 7
3746 0
3770 3
3771 1
3779 5
3812 5
3816 5
3819 1
3850 3
3883 8
3884 9
3914 4
3918 0
3919 0
3926 0
3927 7
3928 9
3935 1
3951 1
3953 2
3962 3
3980 0
3990 3
4015 0
4031 1
4070 7
4080 6
4082 2
4084 1
4092 7
4096 2
4119 6
4134 3
4148 8
4169 6
4216 7
4220 8
4236 8
4244 3
4252 5
4264 0
4266 8
4274 7
4278 5
4281 9
4284 6
4291 0
4297 6
4299 8
4305 8
4312 7
4323 0
4351 0
4392 5
4403 4
4408 2
4411 1
4416 1
4441 0
4446 9
4470 6
4477 5
4496 4
4497 0
4502 5
4510 8
4513 5
4514 5
4548 3
4569 1
4582 9
4613 5
4623 5
4631 6
4634 8
4636 9
4639 1
4658 2
4660 3
4667 7
4678 4
4682 2
4691 4
4694 6
4707 6
4717 2
4719 6
4726 1
4727 8
4737 0
4749 0
4761 0
4775 5
4779 6
4780 2
4785 2
4799 2
4834 6
4842 5
4851 6
4865 8
4876 3
4877 6
4893 9
4915 1
4920 5
4927 0
4939 8
4949 3
4971 8
4982 5
5000 0
5002 0
5003 0
5006 2
5007 5
5048 1
5052 3
5080 9
5098 7
5116 7
5118 9
5127 5
5129 6
5131 7
5138 5
5145 7
5151 8
5161 1
5179 2
5180 6
5186 4
5198 1
5199 4
5206 0
5210 2
5211 5
5212 8
5213 4
5230 2
5234 7
5236 6
5239 0
5257 9
5268 5
5270 5
5279 8
5282 0
5300 6
5318 9
5324 0
5329 4
5350 6
5401 0
5415 2
5423 8
5449 7
5462 0
5463 1
5474 4
5486 3
5498 0
5501 5
5513 4
5517 9
5563 9
5575 8
5579 8
5587 3
5588 4
5594 5
5624 1
5628 2
5637 2
5642 2
5647 6
5648 7
5651 5
5661 4
5683 1
5692 6
5695 8
5731 3
5769 8
5771 6
5774 2
5785 4
5786 3
5788 8
5789 7
5794 3
5801 0
5813 8
5817 2
5831 0
5837 4
5842 0
5856 9
5875 5
5899 2
5904 3
5908 9
5924 0
5939 5
5953 6
5961 7
5962 7
5996 2
6001 1
6002 1
6010 1
6080 6
6082 5
6083 5
6101 8
6109 1
6111 3
6130 0
6131 4
6149 4
6175 0
6182 3
6186 3
